Generation,Best Fitness
0,5127
1,5149
2,5148
3,5178
4,5206
5,5208
6,5224
7,5249
8,5256
9,5291
10,5297
11,5312
12,5319
13,5324
14,5338
15,5335
16,5353
17,5356
18,5373
19,5383
20,5385
21,5395
22,5399
23,5411
24,5428
25,5426
26,5435
27,5446
28,5449
29,5451
30,5457
31,5463
32,5466
33,5471
34,5478
35,5483
36,5486
37,5490
38,5491
39,5493
40,5497
41,5500
42,5502
43,5506
44,5505
45,5507
46,5509
47,5512
48,5513
49,5515
50,5518
51,5519
52,5522
53,5523
54,5528
55,5529
56,5530
57,5533
58,5536
59,5539
60,5543
61,5546
62,5548
63,5549
64,5550
65,5553
66,5554
67,5556
68,5558
69,5561
70,5561
71,5564
72,5564
73,5566
74,5571
75,5573
76,5573
77,5576
78,5580
79,5582
80,5583
81,5584
82,5587
83,5589
84,5591
85,5595
86,5596
87,5599
88,5600
89,5602
90,5605
91,5607
92,5608
93,5610
94,5611
95,5613
96,5616
97,5621
98,5624
99,5626
100,5628
101,5630
102,5633
103,5635
104,5636
105,5638
106,5642
107,5644
108,5646
109,5647
110,5652
111,5653
112,5653
113,5656
114,5659
115,5665
116,5667
117,5669
118,5672
119,5673
120,5674
121,5675
122,5677
123,5680
124,5681
125,5687
126,5685
127,5688
128,5689
129,5694
130,5694
131,5697
132,5700
133,5705
134,5707
135,5710
136,5711
137,5712
138,5713
139,5718
140,5717
141,5719
142,5719
143,5722
144,5726
145,5729
146,5730
147,5731
148,5735
149,5736
150,5737
151,5739
152,5741
153,5744
154,5743
155,5746
156,5750
157,5751
158,5753
159,5753
160,5755
161,5757
162,5760
163,5766
164,5765
165,5766
166,5769
167,5770
168,5772
169,5773
170,5775
171,5777
172,5778
173,5782
174,5784
175,5787
176,5789
177,5790
178,5790
179,5794
180,5795
181,5801
182,5799
183,5802
184,5805
185,5806
186,5808
187,5809
188,5812
189,5815
190,5816
191,5819
192,5821
193,5823
194,5824
195,5826
196,5829
197,5831
198,5833
199,5836
200,5837
201,5839
202,5844
203,5844
204,5850
205,5850
206,5851
207,5855
208,5859
209,5859
210,5859
211,5863
212,5863
213,5866
214,5868
215,5870
216,5872
217,5874
218,5878
219,5879
220,5883
221,5885
222,5886
223,5889
224,5891
225,5891
226,5895
227,5895
228,5897
229,5902
230,5903
231,5907
232,5909
233,5912
234,5914
235,5914
236,5919
237,5919
238,5922
239,5922
240,5925
241,5927
242,5927
243,5931
244,5932
245,5932
246,5935
247,5937
248,5942
249,5941
250,5943
251,5946
252,5949
253,5951
254,5952
255,5955
256,5957
257,5960
258,5959
259,5963
260,5965
261,5968
262,5968
263,5974
264,5978
265,5978
266,5978
267,5980
268,5982
269,5985
270,5987
271,5987
272,5989
273,5992
274,5993
275,5997
276,6002
277,5999
278,6001
279,6005
280,6007
281,6008
282,6009
283,6013
284,6015
285,6018
286,6018
287,6020
288,6023
289,6025
290,6026
291,6027
292,6031
293,6032
294,6035
295,6039
296,6038
297,6040
298,6044
299,6045
300,6047
301,6049
302,6051
303,6053
304,6054
305,6057
306,6058
307,6062
308,6063
309,6066
310,6069
311,6072
312,6071
313,6073
314,6076
315,6078
316,6079
317,6080
318,6083
319,6085
320,6087
321,6090
322,6092
323,6094
324,6096
325,6098
326,6100
327,6104
328,6105
329,6106
330,6109
331,6111
332,6116
333,6117
334,6120
335,6122
336,6125
337,6129
338,6130
339,6132
340,6133
341,6135
342,6136
343,6138
344,6141
345,6143
346,6145
347,6146
348,6147
349,6151
350,6152
351,6155
352,6159
353,6161
354,6161
355,6162
356,6166
357,6167
358,6171
359,6172
360,6173
361,6174
362,6177
363,6179
364,6182
365,6183
366,6185
367,6187
368,6189
369,6189
370,6193
371,6193
372,6197
373,6198
374,6204
375,6204
376,6206
377,6208
378,6210
379,6212
380,6213
381,6218
382,6218
383,6221
384,6221
385,6223
386,6226
387,6227
388,6230
389,6231
390,6233
391,6234
392,6241
393,6241
394,6242
395,6242
396,6244
397,6246
398,6249
399,6250
400,6251
401,6251
402,6253
403,6256
404,6258
405,6261
406,6262
407,6263
408,6265
409,6268
410,6268
411,6270
412,6273
413,6274
414,6276
415,6277
416,6281
417,6284
418,6285
419,6288
420,6288
421,6292
422,6294
423,6296
424,6300
425,6300
426,6302
427,6304
428,6306
429,6308
430,6308
431,6312
432,6313
433,6315
434,6318
435,6319
436,6320
437,6321
438,6323
439,6325
440,6327
441,6332
442,6332
443,6332
444,6335
445,6338
446,6341
447,6342
448,6343
449,6346
450,6348
451,6350
452,6351
453,6354
454,6357
455,6359
456,6362
457,6362
458,6364
459,6365
460,6365
461,6367
462,6369
463,6372
464,6373
465,6376
466,6376
467,6378
468,6379
469,6381
470,6385
471,6385
472,6387
473,6387
474,6390
475,6394
476,6395
477,6397
478,6400
479,6401
480,6403
481,6405
482,6407
483,6409
484,6410
485,6411
486,6414
487,6414
488,6419
489,6420
490,6422
491,6424
492,6427
493,6428
494,6429
495,6430
496,6433
497,6434
498,6437
499,6439
500,6442
501,6444
502,6445
503,6446
504,6448
505,6449
506,6450
507,6451
508,6455
509,6456
510,6457
511,6459
512,6461
513,6461
514,6464
515,6466
516,6472
517,6470
518,6473
519,6475
520,6476
521,6477
522,6483
523,6483
524,6484
525,6484
526,6485
527,6487
528,6490
529,6493
530,6495
531,6496
532,6499
533,6504
534,6502
535,6503
536,6506
537,6506
538,6510
539,6512
540,6514
541,6515
542,6517
543,6518
544,6520
545,6521
546,6523
547,6525
548,6526
549,6527
550,6529
551,6531
552,6532
553,6535
554,6535
555,6538
556,6540
557,6540
558,6542
559,6544
560,6547
561,6548
562,6549
563,6551
564,6553
565,6558
566,6560
567,6561
568,6563
569,6566
570,6568
571,6571
572,6571
573,6573
574,6575
575,6576
576,6577
577,6579
578,6581
579,6582
580,6587
581,6587
582,6588
583,6589
584,6593
585,6592
586,6594
587,6598
588,6598
589,6600
590,6602
591,6605
592,6608
593,6608
594,6611
595,6613
596,6614
597,6616
598,6621
599,6621
600,6622
601,6624
602,6625
603,6625
604,6627
605,6627
606,6631
607,6633
608,6636
609,6640
610,6640
611,6640
612,6642
613,6643
614,6647
615,6646
616,6651
617,6651
618,6652
619,6655
620,6658
621,6660
622,6661
623,6663
624,6664
625,6665
626,6668
627,6670
628,6670
629,6673
630,6673
631,6674
632,6676
633,6677
634,6678
635,6680
636,6681
637,6685
638,6687
639,6689
640,6690
641,6692
642,6694
643,6697
644,6699
645,6702
646,6701
647,6703
648,6705
649,6706
650,6708
651,6709
652,6711
653,6713
654,6715
655,6716
656,6719
657,6720
658,6722
659,6722
660,6724
661,6727
662,6729
663,6732
664,6732
665,6736
666,6736
667,6739
668,6744
669,6744
670,6743
671,6749
672,6751
673,6751
674,6755
675,6756
676,6760
677,6761
678,6765
679,6764
680,6766
681,6767
682,6770
683,6772
684,6773
685,6778
686,6779
687,6779
688,6782
689,6783
690,6784
691,6789
692,6785
693,6787
694,6789
695,6792
696,6796
697,6797
698,6799
699,6802
700,6802
701,6804
702,6805
703,6809
704,6811
705,6813
706,6812
707,6813
708,6816
709,6817
710,6817
711,6818
712,6820
713,6822
714,6824
715,6826
716,6828
717,6830
718,6832
719,6833
720,6834
721,6836
722,6839
723,6839
724,6841
725,6843
726,6845
727,6847
728,6849
729,6850
730,6852
731,6857
732,6857
733,6859
734,6864
735,6863
736,6865
737,6866
738,6869
739,6870
740,6871
741,6873
742,6877
743,6878
744,6878
745,6882
746,6882
747,6886
748,6887
749,6889
750,6889
751,6893
752,6895
753,6896
754,6896
755,6897
756,6902
757,6903
758,6905
759,6906
760,6908
761,6911
762,6914
763,6916
764,6920
765,6922
766,6921
767,6923
768,6924
769,6926
770,6926
771,6929
772,6931
773,6934
774,6937
775,6939
776,6941
777,6943
778,6946
779,6946
780,6947
781,6950
782,6951
783,6953
784,6955
785,6958
786,6956
787,6959
788,6960
789,6963
790,6965
791,6964
792,6967
793,6968
794,6969
795,6972
796,6973
797,6975
798,6976
799,6979
800,6979
801,6980
802,6982
803,6985
804,6986
805,6987
806,6989
807,6992
808,6992
809,6994
810,6997
811,6999
812,7000
813,7002
814,7002
815,7006
816,7009
817,7010
818,7013
819,7015
820,7017
821,7019
822,7021
823,7022
824,7024
825,7026
826,7027
827,7028
828,7029
829,7035
830,7034
831,7034
832,7037
833,7038
834,7040
835,7044
836,7046
837,7043
838,7046
839,7046
840,7049
841,7052
842,7054
843,7057
844,7058
845,7060
846,7061
847,7063
848,7065
849,7066
850,7068
851,7068
852,7073
853,7075
854,7078
855,7078
856,7082
857,7081
858,7082
859,7085
860,7086
861,7088
862,7089
863,7090
864,7094
865,7096
866,7097
867,7097
868,7098
869,7099
870,7104
871,7107
872,7110
873,7110
874,7111
875,7116
876,7116
877,7115
878,7120
879,7122
880,7124
881,7125
882,7128
883,7128
884,7128
885,7131
886,7132
887,7133
888,7137
889,7139
890,7140
891,7139
892,7143
893,7143
894,7144
895,7145
896,7148
897,7149
898,7150
899,7152
900,7154
901,7156
902,7156
903,7157
904,7163
905,7162
906,7163
907,7164
908,7168
909,7168
910,7168
911,7172
912,7174
913,7176
914,7176
915,7179
916,7180
917,7181
918,7183
919,7184
920,7188
921,7189
922,7190
923,7190
924,7192
925,7193
926,7194
927,7195
928,7196
929,7199
930,7199
931,7201
932,7201
933,7202
934,7204
935,7205
936,7206
937,7207
938,7208
939,7210
940,7213
941,7214
942,7216
943,7218
944,7219
945,7219
946,7223
947,7221
948,7223
949,7225
950,7228
951,7229
952,7230
953,7230
954,7235
955,7236
956,7238
957,7238
958,7242
959,7242
960,7243
961,7245
962,7249
963,7249
964,7250
965,7253
966,7254
967,7256
968,7256
969,7258
970,7260
971,7264
972,7265
973,7265
974,7265
975,7268
976,7272
977,7271
978,7272
979,7273
980,7275
981,7276
982,7278
983,7280
984,7281
985,7283
986,7286
987,7289
988,7296
989,7297
990,7297
991,7298
992,7298
993,7300
994,7302
995,7303
996,7304
997,7307
998,7308
999,7310
1000,7311
1001,7311
1002,0
1003,0
1004,0
1005,0
1006,0
1007,0
1008,1
1009,1
1010,0
1011,1
1012,1
1013,1
1014,1
1015,1
1016,1
1017,1
1018,1
1019,1
1020,0
1021,1
1022,0
1023,1
1024,1
1025,1
1026,1
1027,1
1028,1
1029,1
1030,1
1031,0
1032,1
1033,1
1034,1
1035,1
1036,1
1037,1
1038,1
1039,1
1040,1
1041,0
1042,1
1043,1
1044,1
1045,0
1046,1
1047,0
1048,1
1049,0
1050,1
1051,1
1052,1
1053,1
1054,1
1055,1
1056,0
1057,1
1058,1
1059,1
1060,1
1061,1
1062,1
1063,1
1064,1
1065,1
1066,1
1067,1
1068,1
1069,1
1070,1
1071,1
1072,1
1073,1
1074,1
1075,0
1076,1
1077,1
1078,1
1079,0
1080,1
1081,1
1082,1
1083,1
1084,0
1085,0
1086,1
1087,1
1088,1
1089,0
1090,1
1091,1
1092,0
1093,1
1094,1
1095,1
1096,1
1097,0
1098,1
1099,1
1100,1
1101,0
1102,1
1103,1
1104,1
1105,0
1106,1
1107,1
1108,1
1109,1
1110,1
1111,1
1112,1
1113,1
1114,1
1115,1
1116,0
1117,1
1118,0
1119,1
1120,0
1121,1
1122,1
1123,0
1124,1
1125,1
1126,1
1127,1
1128,0
1129,1
1130,1
1131,1
1132,0
1133,0
1134,1
1135,1
1136,1
1137,1
1138,1
1139,1
1140,1
1141,0
1142,1
1143,1
1144,1
1145,1
1146,1
1147,1
1148,1
1149,1
1150,1
1151,1
1152,1
1153,1
1154,1
1155,1
1156,0
1157,1
1158,1
1159,1
1160,0
1161,1
1162,1
1163,1
1164,1
1165,1
1166,0
1167,0
1168,1
1169,1
1170,0
1171,1
1172,1
1173,0
1174,1
1175,1
1176,1
1177,1
1178,1
1179,0
1180,1
1181,0
1182,0
1183,1
1184,1
1185,0
1186,0
1187,1
1188,1
1189,1
1190,1
1191,1
1192,1
1193,1
1194,0
1195,1
1196,1
1197,1
1198,1
1199,1
1200,1
1201,1
1202,1
1203,0
1204,1
1205,1
1206,1
1207,1
1208,0
1209,0
1210,1
1211,1
1212,0
1213,1
1214,0
1215,0
1216,1
1217,1
1218,1
1219,0
1220,0
1221,0
1222,0
1223,1
1224,0
1225,0
1226,1
1227,1
1228,1
1229,0
1230,1
1231,1
1232,1
1233,1
1234,1
1235,1
1236,1
1237,0
1238,1
1239,1
1240,1
1241,1
1242,1
1243,1
1244,1
1245,1
1246,1
1247,0
1248,1
1249,1
1250,1
1251,0
1252,1
1253,1
1254,0
1255,0
1256,1
1257,1
1258,1
1259,1
1260,1
1261,1
1262,0
1263,1
1264,1
1265,1
1266,1
1267,1
1268,1
1269,1
1270,1
1271,0
1272,1
1273,1
1274,1
1275,1
1276,0
1277,0
1278,1
1279,0
1280,1
1281,0
1282,1
1283,1
1284,1
1285,1
1286,1
1287,1
1288,1
1289,1
1290,1
1291,1
1292,1
1293,1
1294,1
1295,0
1296,1
1297,1
1298,0
1299,1
1300,1
1301,1
1302,1
1303,1
1304,1
1305,1
1306,1
1307,1
1308,1
1309,0
1310,1
1311,1
1312,1
1313,1
1314,1
1315,1
1316,1
1317,1
1318,0
1319,1
1320,1
1321,1
1322,0
1323,0
1324,1
1325,0
1326,1
1327,0
1328,1
1329,1
1330,1
1331,1
1332,1
1333,0
1334,1
1335,1
1336,1
1337,1
1338,1
1339,1
1340,0
1341,1
1342,0
1343,0
1344,1
1345,1
1346,1
1347,1
1348,1
1349,1
1350,1
1351,1
1352,1
1353,1
1354,1
1355,1
1356,0
1357,1
1358,0
1359,0
1360,0
1361,1
1362,1
1363,0
1364,1
1365,1
1366,1
1367,1
1368,1
1369,1
1370,0
1371,0
1372,1
1373,1
1374,1
1375,1
1376,0
1377,1
1378,1
1379,1
1380,1
1381,0
1382,1
1383,1
1384,1
1385,1
1386,1
1387,1
1388,1
1389,1
1390,1
1391,1
1392,1
1393,1
1394,1
1395,1
1396,1
1397,1
1398,1
1399,1
1400,0
1401,1
1402,1
1403,1
1404,1
1405,1
1406,1
1407,1
1408,1
1409,0
1410,1
1411,1
1412,1
1413,1
1414,1
1415,1
1416,0
1417,1
1418,1
1419,1
1420,0
1421,1
1422,0
1423,1
1424,1
1425,1
1426,0
1427,1
1428,1
1429,1
1430,1
1431,1
1432,0
1433,1
1434,1
1435,1
1436,1
1437,1
1438,1
1439,1
1440,1
1441,1
1442,1
1443,0
1444,1
1445,1
1446,1
1447,1
1448,0
1449,1
1450,1
1451,0
1452,0
1453,1
1454,1
1455,1
1456,1
1457,1
1458,1
1459,0
1460,1
1461,0
1462,1
1463,1
1464,1
1465,1
1466,1
1467,1
1468,0
1469,0
1470,0
1471,1
1472,1
1473,1
1474,1
1475,1
1476,0
1477,1
1478,1
1479,0
1480,0
1481,1
1482,0
1483,1
1484,1
1485,1
1486,1
1487,1
1488,1
1489,1
1490,0
1491,1
1492,0
1493,1
1494,1
1495,1
1496,0
1497,1
1498,1
1499,0
1500,1
1501,1
1502,1
1503,1
1504,1
1505,1
1506,1
1507,1
1508,1
1509,1
1510,1
1511,1
1512,1
1513,1
1514,1
1515,1
1516,0
1517,0
1518,0
1519,1
1520,0
1521,1
1522,1
1523,1
1524,1
1525,1
1526,1
1527,1
1528,1
1529,1
1530,0
1531,1
1532,1
1533,1
1534,1
1535,1
1536,1
1537,0
1538,1
1539,1
1540,0
1541,1
1542,1
1543,1
1544,1
1545,1
1546,0
1547,0
1548,0
1549,1
1550,1
1551,1
1552,1
1553,0
1554,1
1555,0
1556,1
1557,0
1558,1
1559,0
1560,1
1561,1
1562,0
1563,1
1564,1
1565,1
1566,1
1567,1
1568,1
1569,1
1570,1
1571,1
1572,1
1573,0
1574,0
1575,1
1576,0
1577,1
1578,1
1579,1
1580,1
1581,1
1582,1
1583,1
1584,1
1585,0
1586,1
1587,1
1588,0
1589,1
1590,1
1591,1
1592,1
1593,0
1594,0
1595,1
1596,1
1597,1
1598,0
1599,1
1600,1
1601,1
1602,1
1603,0
1604,1
1605,1
1606,0
1607,1
1608,0
1609,1
1610,1
1611,1
1612,1
1613,0
1614,1
1615,1
1616,1
1617,1
1618,0
1619,0
1620,1
1621,1
1622,1
1623,1
1624,1
1625,1
1626,1
1627,1
1628,0
1629,1
1630,1
1631,1
1632,1
1633,1
1634,1
1635,1
1636,1
1637,1
1638,1
1639,1
1640,1
1641,1
1642,1
1643,1
1644,1
1645,1
1646,1
1647,1
1648,1
1649,0
1650,1
1651,1
1652,0
1653,1
1654,1
1655,1
1656,1
1657,1
1658,1
1659,1
1660,1
1661,1
1662,1
1663,0
1664,1
1665,1
1666,0
1667,1
1668,1
1669,1
1670,1
1671,0
1672,1
1673,1
1674,1
1675,1
1676,1
1677,1
1678,1
1679,1
1680,0
1681,1
1682,1
1683,0
1684,1
1685,1
1686,1
1687,1
1688,1
1689,1
1690,1
1691,1
1692,1
1693,1
1694,1
1695,0
1696,1
1697,1
1698,1
1699,1
1700,1
1701,1
1702,1
1703,1
1704,1
1705,1
1706,0
1707,1
1708,0
1709,1
1710,1
1711,1
1712,0
1713,0
1714,1
1715,1
1716,0
1717,1
1718,1
1719,0
1720,0
1721,1
1722,1
1723,1
1724,1
1725,1
1726,1
1727,1
1728,0
1729,1
1730,0
1731,1
1732,1
1733,1
1734,1
1735,1
1736,1
1737,1
1738,1
1739,1
1740,0
1741,1
1742,0
1743,1
1744,1
1745,1
1746,1
1747,1
1748,0
1749,0
1750,0
1751,0
1752,1
1753,1
1754,1
1755,1
1756,0
1757,0
1758,1
1759,1
1760,0
1761,1
1762,0
1763,1
1764,1
1765,1
1766,1
1767,1
1768,0
1769,1
1770,0
1771,1
1772,1
1773,1
1774,1
1775,1
1776,1
1777,1
1778,0
1779,1
1780,1
1781,0
1782,1
1783,1
1784,1
1785,1
1786,1
1787,1
1788,1
1789,1
1790,1
1791,0
1792,0
1793,1
1794,0
1795,1
1796,0
1797,1
1798,1
1799,1
1800,1
1801,1
1802,1
1803,1
1804,1
1805,1
1806,1
1807,1
1808,1
1809,1
1810,1
1811,1
1812,1
1813,1
1814,1
1815,0
1816,1
1817,1
1818,1
1819,1
1820,1
1821,1
1822,1
1823,1
1824,1
1825,1
1826,1
1827,1
1828,1
1829,1
1830,1
1831,1
1832,0
1833,0
1834,1
1835,1
1836,1
1837,1
1838,0
1839,0
1840,1
1841,1
1842,1
1843,1
1844,1
1845,0
1846,1
1847,0
1848,1
1849,0
1850,1
1851,1
1852,1
1853,1
1854,1
1855,0
1856,1
1857,1
1858,0
1859,1
1860,0
1861,1
1862,1
1863,1
1864,0
1865,1
1866,0
1867,1
1868,1
1869,1
1870,0
1871,1
1872,1
1873,0
1874,1
1875,1
1876,1
1877,1
1878,1
1879,1
1880,1
1881,1
1882,1
1883,0
1884,1
1885,0
1886,1
1887,0
1888,1
1889,1
1890,0
1891,1
1892,1
1893,0
1894,1
1895,0
1896,1
1897,1
1898,1
1899,1
1900,1
1901,1
1902,0
1903,1
1904,0
1905,1
1906,1
1907,1
1908,0
1909,1
1910,1
1911,1
1912,0
1913,1
1914,1
1915,1
1916,0
1917,1
1918,1
1919,1
1920,1
1921,1
1922,0
1923,1
1924,0
1925,1
1926,0
1927,1
1928,1
1929,0
1930,1
1931,0
1932,1
1933,1
1934,1
1935,1
1936,0
1937,1
1938,1
1939,1
1940,1
1941,1
1942,1
1943,1
1944,1
1945,1
1946,1
1947,1
1948,1
1949,1
1950,1
1951,1
1952,1
1953,1
1954,0
1955,0
1956,1
1957,1
1958,0
1959,1
1960,1
1961,1
1962,0
1963,0
1964,0
1965,1
1966,0
1967,1
1968,1
1969,1
1970,0
1971,1
1972,1
1973,1
1974,1
1975,1
1976,0
1977,1
1978,1
1979,1
1980,1
1981,1
1982,1
1983,0
1984,0
1985,1
1986,1
1987,1
1988,1
1989,1
1990,0
1991,1
1992,0
1993,0
1994,1
1995,1
1996,1
1997,1
1998,1
1999,0
2000,1
2001,1
2002,1
2003,1
2004,1
2005,0
2006,1
2007,1
2008,1
2009,0
2010,1
2011,0
2012,1
2013,1
2014,0
2015,1
2016,0
2017,1
2018,0
2019,1
2020,1
2021,0
2022,1
2023,1
2024,0
2025,0
2026,1
2027,1
2028,1
2029,1
2030,1
2031,1
2032,1
2033,1
2034,0
2035,1
2036,0
2037,1
2038,0
2039,1
2040,1
2041,1
2042,1
2043,1
2044,1
2045,0
2046,1
2047,1
2048,1
2049,1
2050,0
2051,1
2052,1
2053,1
2054,0
2055,1
2056,1
2057,0
2058,0
2059,1
2060,1
2061,0
2062,0
2063,0
2064,1
2065,1
2066,0
2067,1
2068,0
2069,0
2070,1
2071,1
2072,1
2073,1
2074,1
2075,0
2076,1
2077,1
2078,1
2079,1
2080,1
2081,1
2082,1
2083,1
2084,1
2085,1
2086,0
2087,1
2088,1
2089,1
2090,1
2091,1
2092,1
2093,1
2094,1
2095,1
2096,0
2097,1
2098,1
2099,0
2100,1
2101,1
2102,1
2103,1
2104,1
2105,1
2106,1
2107,1
2108,1
2109,1
2110,1
2111,1
2112,1
2113,0
2114,0
2115,0
2116,1
2117,1
2118,1
2119,1
2120,1
2121,1
2122,1
2123,0
2124,1
2125,1
2126,0
2127,1
2128,1
2129,1
2130,1
2131,1
2132,0
2133,1
2134,1
2135,0
2136,1
2137,1
2138,1
2139,0
2140,0
2141,0
2142,1
2143,1
2144,1
2145,0
2146,1
2147,1
2148,0
2149,1
2150,1
2151,1
2152,1
2153,0
2154,1
2155,1
2156,1
2157,1
2158,1
2159,1
2160,1
2161,1
2162,1
2163,1
2164,1
2165,1
2166,1
2167,1
2168,1
2169,1
2170,1
2171,1
2172,0
2173,0
2174,0
2175,1
2176,0
2177,1
2178,1
2179,1
2180,1
2181,1
2182,1
2183,1
2184,1
2185,1
2186,1
2187,1
2188,1
2189,1
2190,1
2191,0
2192,1
2193,1
2194,1
2195,1
2196,1
2197,1
2198,1
2199,1
2200,0
2201,0
2202,1
2203,1
2204,1
2205,1
2206,0
2207,0
2208,0
2209,1
2210,0
2211,0
2212,0
2213,0
2214,1
2215,1
2216,1
2217,0
2218,0
2219,1
2220,0
2221,1
2222,0
2223,1
2224,0
2225,0
2226,1
2227,1
2228,1
2229,1
2230,1
2231,1
2232,1
2233,1
2234,1
2235,1
2236,1
2237,1
2238,0
2239,1
2240,0
2241,0
2242,0
2243,1
2244,0
2245,1
2246,0
2247,1
2248,1
2249,1
2250,1
2251,1
2252,1
2253,1
2254,1
2255,1
2256,1
2257,1
2258,1
2259,1
2260,1
2261,1
2262,1
2263,1
2264,1
2265,0
2266,0
2267,1
2268,1
2269,0
2270,0
2271,1
2272,1
2273,1
2274,1
2275,1
2276,0
2277,1
2278,1
2279,0
2280,0
2281,0
2282,0
2283,1
2284,0
2285,1
2286,1
2287,0
2288,1
2289,0
2290,0
2291,1
2292,1
2293,1
2294,1
2295,1
2296,1
2297,1
2298,1
2299,1
2300,1
2301,1
2302,1
2303,0
2304,1
2305,1
2306,0
2307,1
2308,1
2309,1
2310,1
2311,1
2312,1
2313,1
2314,1
2315,0
2316,0
2317,0
2318,0
2319,1
2320,1
2321,0
2322,1
2323,1
2324,1
2325,1
2326,1
2327,0
2328,1
2329,1
2330,0
2331,1
2332,1
2333,1
2334,1
2335,1
2336,0
2337,1
2338,1
2339,0
2340,0
2341,1
2342,1
2343,1
2344,1
2345,1
2346,0
2347,1
2348,0
2349,1
2350,1
2351,1
2352,1
2353,1
2354,0
2355,1
2356,0
2357,1
2358,1
2359,1
2360,0
2361,1
2362,1
2363,0
2364,1
2365,1
2366,1
2367,1
2368,1
2369,1
2370,0
2371,1
2372,1
2373,1
2374,1
2375,0
2376,0
2377,0
2378,1
2379,1
2380,1
2381,1
2382,1
2383,1
2384,0
2385,1
2386,1
2387,1
2388,1
2389,1
2390,1
2391,1
2392,0
2393,0
2394,1
2395,1
2396,1
2397,1
2398,0
2399,1
2400,0
2401,1
2402,1
2403,1
2404,0
2405,1
2406,1
2407,1
2408,1
2409,1
2410,1
2411,0
2412,1
2413,1
2414,1
2415,1
2416,0
2417,1
2418,1
2419,1
2420,0
2421,1
2422,0
2423,1
2424,1
2425,1
2426,0
2427,1
2428,1
2429,1
2430,1
2431,1
2432,1
2433,0
2434,1
2435,1
2436,1
2437,1
2438,1
2439,1
2440,0
2441,1
2442,1
2443,1
2444,0
2445,1
2446,1
2447,0
2448,0
2449,0
2450,1
2451,0
2452,1
2453,0
2454,1
2455,0
2456,1
2457,1
2458,1
2459,0
2460,1
2461,0
2462,1
2463,1
2464,1
2465,0
2466,1
2467,1
2468,1
2469,1
2470,0
2471,1
2472,0
2473,1
2474,0
2475,0
2476,1
2477,1
2478,1
2479,0
2480,1
2481,1
2482,0
2483,1
2484,1
2485,1
2486,1
2487,0
2488,1
2489,1
2490,1
2491,1
2492,1
2493,1
2494,1
2495,1
2496,1
2497,1
2498,1
2499,1
2500,1
2501,1
2502,1
2503,1
2504,1
2505,1
2506,1
2507,1
2508,1
2509,1
2510,1
2511,1
2512,1
2513,1
2514,0
2515,1
2516,1
2517,0
2518,1
2519,1
2520,0
2521,1
2522,0
2523,1
2524,1
2525,1
2526,1
2527,1
2528,1
2529,0
2530,1
2531,1
2532,1
2533,0
2534,1
2535,1
2536,1
2537,0
2538,1
2539,1
2540,0
2541,1
2542,1
2543,0
2544,1
2545,0
2546,1
2547,1
2548,1
2549,0
2550,1
2551,0
2552,1
2553,1
2554,1
2555,1
2556,0
2557,1
2558,1
2559,0
2560,1
2561,1
2562,0
2563,0
2564,1
2565,1
2566,1
2567,1
2568,1
2569,1
2570,1
2571,1
2572,1
2573,1
2574,0
2575,1
2576,1
2577,1
2578,0
2579,1
2580,0
2581,1
2582,1
2583,1
2584,1
2585,0
2586,1
2587,1
2588,1
2589,1
2590,0
2591,0
2592,1
2593,0
2594,1
2595,0
2596,1
2597,1
2598,1
2599,1
2600,0
2601,1
2602,0
2603,1
2604,0
2605,0
2606,1
2607,1
2608,1
2609,1
2610,0
2611,1
2612,0
2613,0
2614,1
2615,1
2616,0
2617,1
2618,0
2619,1
2620,1
2621,1
2622,1
2623,0
2624,1
2625,0
2626,1
2627,1
2628,1
2629,0
2630,1
2631,1
2632,1
2633,0
2634,0
2635,1
2636,0
2637,0
2638,1
2639,1
2640,1
2641,1
2642,1
2643,1
2644,1
2645,1
2646,0
2647,0
2648,1
2649,1
2650,1
2651,1
2652,1
2653,1
2654,1
2655,1
2656,1
2657,1
2658,1
2659,0
2660,1
2661,1
2662,0
2663,1
2664,1
2665,0
2666,1
2667,1
2668,1
2669,1
2670,0
2671,0
2672,1
2673,1
2674,1
2675,1
2676,1
2677,1
2678,1
2679,1
2680,1
2681,1
2682,1
2683,0
2684,0
2685,1
2686,1
2687,1
2688,0
2689,1
2690,1
2691,1
2692,0
2693,1
2694,0
2695,1
2696,0
2697,1
2698,1
2699,1
2700,0
2701,0
2702,1
2703,1
2704,1
2705,1
2706,1
2707,1
2708,1
2709,1
2710,1
2711,1
2712,0
2713,0
2714,1
2715,0
2716,1
2717,1
2718,1
2719,1
2720,1
2721,0
2722,1
2723,0
2724,1
2725,1
2726,1
2727,0
2728,0
2729,1
2730,1
2731,0
2732,1
2733,1
2734,0
2735,1
2736,0
2737,1
2738,1
2739,1
2740,0
2741,0
2742,1
2743,0
2744,0
2745,0
2746,1
2747,1
2748,1
2749,1
2750,0
2751,1
2752,1
2753,0
2754,1
2755,1
2756,1
2757,0
2758,0
2759,1
2760,1
2761,1
2762,1
2763,1
2764,1
2765,1
2766,0
2767,1
2768,1
2769,1
2770,1
2771,1
2772,1
2773,1
2774,1
2775,1
2776,0
2777,1
2778,0
2779,1
2780,1
2781,0
2782,1
2783,1
2784,1
2785,1
2786,0
2787,0
2788,1
2789,0
2790,1
2791,0
2792,1
2793,1
2794,1
2795,1
2796,1
2797,1
2798,1
2799,0
2800,1
2801,1
2802,1
2803,1
2804,0
2805,1
2806,1
2807,0
2808,1
2809,1
2810,1
2811,0
2812,1
2813,1
2814,0
2815,0
2816,1
2817,1
2818,1
2819,1
2820,1
2821,1
2822,0
2823,1
2824,1
2825,0
2826,1
2827,1
2828,1
2829,1
2830,1
2831,1
2832,1
2833,1
2834,1
2835,0
2836,1
2837,0
2838,1
2839,1
2840,1
2841,1
2842,0
2843,1
2844,0
2845,1
2846,1
2847,1
2848,1
2849,1
2850,1
2851,0
2852,0
2853,1
2854,1
2855,1
2856,1
2857,1
2858,1
2859,0
2860,1
2861,1
2862,0
2863,0
2864,0
2865,0
2866,1
2867,1
2868,0
2869,1
2870,0
2871,1
2872,1
2873,1
2874,1
2875,1
2876,1
2877,1
2878,0
2879,1
2880,1
2881,1
2882,1
2883,1
2884,1
2885,0
2886,1
2887,1
2888,0
2889,1
2890,1
2891,1
2892,0
2893,0
2894,1
2895,1
2896,0
2897,1
2898,1
2899,1
2900,1
2901,0
2902,1
2903,1
2904,0
2905,0
2906,0
2907,1
2908,1
2909,1
2910,0
2911,1
2912,1
2913,1
2914,0
2915,1
2916,1
2917,1
2918,0
2919,1
2920,1
2921,1
2922,1
2923,1
2924,0
2925,1
2926,0
2927,1
2928,0
2929,0
2930,0
2931,1
2932,1
2933,1
2934,1
2935,0
2936,1
2937,1
2938,1
2939,1
2940,1
2941,1
2942,1
2943,0
2944,0
2945,1
2946,1
2947,0
2948,1
2949,0
2950,1
2951,1
2952,1
2953,0
2954,0
2955,1
2956,1
2957,1
2958,1
2959,1
2960,1
2961,1
2962,1
2963,1
2964,0
2965,1
2966,0
2967,1
2968,0
2969,1
2970,0
2971,0
2972,1
2973,1
2974,1
2975,1
2976,1
2977,1
2978,1
2979,1
2980,0
2981,1
2982,1
2983,1
2984,1
2985,1
2986,0
2987,1
2988,0
2989,1
2990,1
2991,0
2992,1
2993,0
2994,1
2995,1
2996,1
2997,1
2998,1
2999,0
3000,1
3001,1
3002,1
3003,0
3004,1
3005,0
3006,0
3007,0
3008,0
3009,1
3010,1
3011,0
3012,0
3013,1
3014,0
3015,1
3016,0
3017,1
3018,1
3019,1
3020,0
3021,1
3022,1
3023,0
3024,1
3025,1
3026,1
3027,0
3028,0
3029,1
3030,0
3031,0
3032,1
3033,1
3034,1
3035,1
3036,1
3037,1
3038,1
3039,0
3040,1
3041,0
3042,0
3043,0
3044,1
3045,0
3046,1
3047,1
3048,1
3049,0
3050,1
3051,0
3052,0
3053,1
3054,0
3055,1
3056,0
3057,0
3058,1
3059,0
3060,1
3061,0
3062,1
3063,1
3064,1
3065,1
3066,1
3067,1
3068,1
3069,1
3070,1
3071,0
3072,1
3073,1
3074,0
3075,0
3076,1
3077,1
3078,1
3079,1
3080,0
3081,1
3082,0
3083,1
3084,1
3085,0
3086,1
3087,1
3088,0
3089,1
3090,1
3091,1
3092,1
3093,1
3094,1
3095,1
3096,1
3097,1
3098,1
3099,0
3100,0
3101,0
3102,1
3103,1
3104,0
3105,1
3106,1
3107,1
3108,1
3109,0
3110,1
3111,1
3112,0
3113,1
3114,0
3115,1
3116,1
3117,0
3118,1
3119,1
3120,0
3121,1
3122,1
3123,1
3124,1
3125,1
3126,0
3127,1
3128,1
3129,1
3130,1
3131,0
3132,1
3133,1
3134,1
3135,1
3136,1
3137,1
3138,1
3139,1
3140,1
3141,1
3142,1
3143,0
3144,1
3145,1
3146,1
3147,1
3148,1
3149,1
3150,1
3151,1
3152,1
3153,1
3154,1
3155,1
3156,0
3157,0
3158,0
3159,1
3160,0
3161,1
3162,1
3163,0
3164,1
3165,1
3166,1
3167,1
3168,0
3169,0
3170,1
3171,1
3172,1
3173,0
3174,1
3175,1
3176,1
3177,1
3178,1
3179,1
3180,1
3181,1
3182,1
3183,1
3184,1
3185,1
3186,0
3187,1
3188,1
3189,1
3190,1
3191,1
3192,1
3193,0
3194,1
3195,1
3196,1
3197,1
3198,1
3199,1
3200,1
3201,0
3202,1
3203,0
3204,1
3205,0
3206,0
3207,1
3208,1
3209,1
3210,1
3211,1
3212,1
3213,0
3214,0
3215,0
3216,1
3217,0
3218,1
3219,0
3220,1
3221,0
3222,0
3223,0
3224,1
3225,1
3226,1
3227,0
3228,0
3229,0
3230,0
3231,1
3232,0
3233,1
3234,1
3235,0
3236,1
3237,0
3238,0
3239,1
3240,1
3241,1
3242,1
3243,1
3244,1
3245,0
3246,1
3247,1
3248,0
3249,1
3250,1
3251,1
3252,0
3253,1
3254,1
3255,1
3256,1
3257,1
3258,1
3259,1
3260,1
3261,1
3262,1
3263,0
3264,1
3265,0
3266,1
3267,1
3268,0
3269,1
3270,1
3271,0
3272,0
3273,1
3274,1
3275,1
3276,1
3277,1
3278,0
3279,1
3280,1
3281,1
3282,1
3283,1
3284,1
3285,1
3286,1
3287,1
3288,1
3289,1
3290,1
3291,1
3292,1
3293,1
3294,1
3295,0
3296,1
3297,0
3298,1
3299,1
3300,0
3301,1
3302,0
3303,1
3304,0
3305,0
3306,1
3307,1
3308,1
3309,1
3310,1
3311,1
3312,1
3313,0
3314,1
3315,1
3316,1
3317,1
3318,1
3319,1
3320,1
3321,1
3322,1
3323,1
3324,0
3325,1
3326,1
3327,1
3328,1
3329,1
3330,0
3331,1
3332,1
3333,1
3334,0
3335,1
3336,0
3337,1
3338,1
3339,0
3340,1
3341,1
3342,1
3343,0
3344,1
3345,0
3346,1
3347,1
3348,1
3349,1
3350,1
3351,1
3352,0
3353,1
3354,0
3355,1
3356,1
3357,1
3358,1
3359,1
3360,1
3361,1
3362,0
3363,0
3364,1
3365,1
3366,0
3367,1
3368,1
3369,1
3370,1
3371,1
3372,1
3373,0
3374,0
3375,1
3376,1
3377,1
3378,1
3379,1
3380,0
3381,1
3382,1
3383,1
3384,0
3385,1
3386,0
3387,1
3388,0
3389,1
3390,1
3391,1
3392,0
3393,1
3394,1
3395,1
3396,1
3397,0
3398,0
3399,1
3400,1
3401,1
3402,1
3403,1
3404,1
3405,1
3406,1
3407,1
3408,1
3409,1
3410,1
3411,1
3412,1
3413,1
3414,0
3415,1
3416,1
3417,0
3418,1
3419,1
3420,0
3421,1
3422,0
3423,1
3424,1
3425,0
3426,0
3427,1
3428,0
3429,0
3430,1
3431,1
3432,1
3433,0
3434,0
3435,0
3436,1
3437,1
3438,1
3439,1
3440,1
3441,1
3442,1
3443,1
3444,0
3445,1
3446,1
3447,1
3448,1
3449,1
3450,1
3451,0
3452,1
3453,1
3454,1
3455,0
3456,1
3457,1
3458,0
3459,1
3460,1
3461,1
3462,1
3463,0
3464,0
3465,1
3466,0
3467,1
3468,1
3469,1
3470,1
3471,1
3472,1
3473,1
3474,0
3475,1
3476,1
3477,1
3478,0
3479,0
3480,1
3481,1
3482,1
3483,1
3484,0
3485,1
3486,1
3487,0
3488,0
3489,0
3490,1
3491,1
3492,1
3493,1
3494,1
3495,1
3496,1
3497,0
3498,1
3499,1
3500,1
3501,1
3502,1
3503,0
3504,1
3505,1
3506,0
3507,0
3508,0
3509,1
3510,1
3511,1
3512,1
3513,1
3514,1
3515,1
3516,1
3517,1
3518,1
3519,1
3520,1
3521,1
3522,1
3523,1
3524,1
3525,1
3526,1
3527,1
3528,0
3529,1
3530,0
3531,0
3532,0
3533,1
3534,1
3535,1
3536,1
3537,1
3538,0
3539,1
3540,1
3541,1
3542,1
3543,1
3544,0
3545,0
3546,0
3547,1
3548,1
3549,1
3550,0
3551,1
3552,0
3553,1
3554,1
3555,0
3556,0
3557,1
3558,1
3559,0
3560,0
3561,1
3562,0
3563,0
3564,1
3565,1
3566,1
3567,0
3568,1
3569,1
3570,1
3571,1
3572,1
3573,1
3574,1
3575,1
3576,1
3577,1
3578,0
3579,1
3580,1
3581,1
3582,0
3583,1
3584,0
3585,1
3586,0
3587,0
3588,1
3589,1
3590,1
3591,0
3592,0
3593,1
3594,1
3595,1
3596,1
3597,0
3598,0
3599,1
3600,1
3601,1
3602,1
3603,0
3604,1
3605,1
3606,1
3607,1
3608,1
3609,1
3610,1
3611,1
3612,1
3613,1
3614,0
3615,1
3616,1
3617,0
3618,1
3619,0
3620,1
3621,1
3622,0
3623,0
3624,1
3625,1
3626,1
3627,1
3628,1
3629,1
3630,0
3631,0
3632,0
3633,1
3634,1
3635,1
3636,0
3637,1
3638,1
3639,1
3640,1
3641,0
3642,1
3643,0
3644,1
3645,1
3646,1
3647,0
3648,1
3649,1
3650,0
3651,1
3652,1
3653,0
3654,1
3655,0
3656,1
3657,1
3658,0
3659,1
3660,1
3661,1
3662,1
3663,1
3664,1
3665,1
3666,0
3667,1
3668,1
3669,1
3670,1
3671,0
3672,1
3673,0
3674,0
3675,1
3676,1
3677,1
3678,1
3679,1
3680,0
3681,1
3682,1
3683,1
3684,1
3685,1
3686,1
3687,1
3688,1
3689,1
3690,1
3691,1
3692,1
3693,0
3694,1
3695,1
3696,0
3697,1
3698,1
3699,0
3700,0
3701,1
3702,1
3703,0
3704,1
3705,1
3706,1
3707,1
3708,1
3709,1
3710,1
3711,1
3712,0
3713,0
3714,1
3715,1
3716,1
3717,0
3718,1
3719,1
3720,1
3721,0
3722,0
3723,0
3724,0
3725,1
3726,0
3727,1
3728,1
3729,1
3730,1
3731,0
3732,0
3733,1
3734,0
3735,0
3736,1
3737,1
3738,1
3739,0
3740,1
3741,1
3742,1
3743,1
3744,1
3745,1
3746,1
3747,0
3748,1
3749,1
3750,1
3751,1
3752,1
3753,1
3754,0
3755,0
3756,0
3757,1
3758,1
3759,1
3760,1
3761,0
3762,1
3763,1
3764,1
3765,1
3766,0
3767,1
3768,0
3769,1
3770,1
3771,0
3772,0
3773,1
3774,0
3775,1
3776,1
3777,1
3778,1
3779,1
3780,1
3781,1
3782,1
3783,1
3784,1
3785,1
3786,1
3787,1
3788,1
3789,1
3790,1
3791,0
3792,1
3793,1
3794,0
3795,1
3796,0
3797,1
3798,1
3799,1
3800,1
3801,0
3802,0
3803,1
3804,1
3805,0
3806,1
3807,1
3808,1
3809,1
3810,0
3811,1
3812,1
3813,1
3814,1
3815,0
3816,1
3817,0
3818,1
3819,0
3820,1
3821,1
3822,1
3823,1
3824,0
3825,1
3826,1
3827,0
3828,1
3829,1
3830,1
3831,1
3832,1
3833,1
3834,1
3835,1
3836,1
3837,0
3838,1
3839,1
3840,1
3841,1
3842,0
3843,1
3844,1
3845,1
3846,1
3847,0
3848,0
3849,1
3850,1
3851,1
3852,0
3853,0
3854,1
3855,0
3856,0
3857,1
3858,0
3859,1
3860,0
3861,1
3862,1
3863,1
3864,1
3865,0
3866,1
3867,1
3868,0
3869,1
3870,1
3871,1
3872,0
3873,1
3874,1
3875,0
3876,1
3877,0
3878,1
3879,1
3880,0
3881,1
3882,0
3883,0
3884,1
3885,0
3886,1
3887,1
3888,0
3889,1
3890,1
3891,1
3892,1
3893,0
3894,0
3895,1
3896,0
3897,1
3898,1
3899,1
3900,0
3901,1
3902,0
3903,1
3904,1
3905,0
3906,1
3907,0
3908,1
3909,0
3910,1
3911,0
3912,1
3913,1
3914,1
3915,1
3916,1
3917,1
3918,1
3919,1
3920,1
3921,1
3922,0
3923,1
3924,1
3925,0
3926,1
3927,1
3928,0
3929,1
3930,1
3931,1
3932,1
3933,0
3934,1
3935,1
3936,1
3937,0
3938,0
3939,0
3940,1
3941,1
3942,0
3943,1
3944,0
3945,0
3946,1
3947,1
3948,1
3949,1
3950,1
3951,1
3952,1
3953,1
3954,1
3955,1
3956,1
3957,1
3958,0
3959,1
3960,1
3961,1
3962,1
3963,0
3964,1
3965,1
3966,0
3967,1
3968,1
3969,1
3970,0
3971,1
3972,1
3973,1
3974,1
3975,1
3976,1
3977,0
3978,0
3979,1
3980,1
3981,1
3982,1
3983,1
3984,0
3985,1
3986,1
3987,1
3988,0
3989,1
3990,1
3991,1
3992,1
3993,1
3994,1
3995,0
3996,1
3997,1
3998,1
3999,1
4000,1
4001,1
4002,0
4003,0
4004,0
4005,1
4006,1
4007,1
4008,1
4009,1
4010,0
4011,1
4012,1
4013,1
4014,1
4015,1
4016,1
4017,0
4018,1
4019,1
4020,1
4021,1
4022,0
4023,1
4024,1
4025,1
4026,0
4027,1
4028,0
4029,1
4030,0
4031,1
4032,1
4033,0
4034,1
4035,1
4036,0
4037,1
4038,1
4039,1
4040,0
4041,1
4042,0
4043,1
4044,1
4045,0
4046,1
4047,0
4048,0
4049,1
4050,1
4051,0
4052,1
4053,0
4054,0
4055,1
4056,1
4057,0
4058,1
4059,1
4060,1
4061,1
4062,1
4063,1
4064,1
4065,1
4066,0
4067,1
4068,1
4069,1
4070,1
4071,1
4072,1
4073,0
4074,1
4075,1
4076,0
4077,1
4078,1
4079,0
4080,0
4081,1
4082,0
4083,0
4084,1
4085,1
4086,0
4087,1
4088,0
4089,0
4090,0
4091,0
4092,1
4093,1
4094,1
4095,1
4096,0
4097,0
4098,1
4099,0
4100,1
4101,1
4102,1
4103,0
4104,1
4105,0
4106,1
4107,1
4108,1
4109,0
4110,1
4111,1
4112,0
4113,1
4114,1
4115,1
4116,0
4117,1
4118,1
4119,1
4120,1
4121,1
4122,1
4123,1
4124,1
4125,1
4126,1
4127,1
4128,1
4129,0
4130,0
4131,1
4132,1
4133,1
4134,1
4135,1
4136,0
4137,0
4138,1
4139,1
4140,1
4141,1
4142,1
4143,1
4144,1
4145,1
4146,0
4147,1
4148,1
4149,1
4150,0
4151,1
4152,0
4153,1
4154,0
4155,0
4156,1
4157,1
4158,1
4159,1
4160,1
4161,0
4162,0
4163,1
4164,1
4165,1
4166,1
4167,1
4168,0
4169,1
4170,1
4171,1
4172,0
4173,0
4174,0
4175,1
4176,1
4177,0
4178,0
4179,1
4180,1
4181,1
4182,1
4183,1
4184,0
4185,1
4186,1
4187,1
4188,0
4189,1
4190,0
4191,1
4192,1
4193,1
4194,1
4195,0
4196,1
4197,0
4198,0
4199,1
4200,1
4201,1
4202,0
4203,1
4204,1
4205,1
4206,0
4207,1
4208,0
4209,1
4210,1
4211,1
4212,0
4213,0
4214,0
4215,0
4216,1
4217,1
4218,0
4219,0
4220,1
4221,0
4222,1
4223,0
4224,1
4225,1
4226,1
4227,0
4228,1
4229,1
4230,0
4231,1
4232,0
4233,1
4234,0
4235,1
4236,1
4237,1
4238,1
4239,1
4240,0
4241,1
4242,1
4243,0
4244,1
4245,1
4246,1
4247,1
4248,1
4249,0
4250,0
4251,0
4252,1
4253,0
4254,1
4255,1
4256,1
4257,1
4258,1
4259,1
4260,1
4261,1
4262,1
4263,1
4264,1
4265,0
4266,1
4267,0
4268,1
4269,1
4270,0
4271,1
4272,1
4273,1
4274,1
4275,0
4276,0
4277,1
4278,1
4279,1
4280,0
4281,1
4282,1
4283,1
4284,0
4285,1
4286,0
4287,1
4288,1
4289,1
4290,1
4291,1
4292,0
4293,1
4294,1
4295,1
4296,1
4297,1
4298,0
4299,1
4300,1
4301,1
4302,0
4303,1
4304,1
4305,1
4306,0
4307,1
4308,0
4309,1
4310,1
4311,1
4312,1
4313,1
4314,1
4315,1
4316,1
4317,0
4318,1
4319,1
4320,1
4321,1
4322,1
4323,1
4324,1
4325,1
4326,1
4327,1
4328,1
4329,0
4330,1
4331,1
4332,1
4333,1
4334,1
4335,1
4336,1
4337,1
4338,0
4339,1
4340,1
4341,1
4342,1
4343,1
4344,1
4345,1
4346,1
4347,1
4348,1
4349,0
4350,0
4351,1
4352,1
4353,1
4354,1
4355,0
4356,1
4357,1
4358,0
4359,0
4360,1
4361,1
4362,1
4363,0
4364,0
4365,1
4366,1
4367,1
4368,1
4369,1
4370,0
4371,0
4372,1
4373,1
4374,0
4375,1
4376,1
4377,1
4378,1
4379,1
4380,1
4381,1
4382,0
4383,1
4384,1
4385,1
4386,1
4387,0
4388,0
4389,0
4390,1
4391,0
4392,0
4393,1
4394,0
4395,0
4396,1
4397,0
4398,1
4399,1
4400,1
4401,1
4402,0
4403,0
4404,0
4405,1
4406,1
4407,1
4408,1
4409,1
4410,1
4411,0
4412,1
4413,1
4414,1
4415,0
4416,1
4417,1
4418,1
4419,0
4420,1
4421,1
4422,1
4423,1
4424,1
4425,1
4426,0
4427,1
4428,1
4429,1
4430,0
4431,0
4432,1
4433,0
4434,1
4435,1
4436,1
4437,1
4438,1
4439,1
4440,1
4441,1
4442,1
4443,0
4444,1
4445,0
4446,0
4447,1
4448,1
4449,0
4450,1
4451,1
4452,1
4453,0
4454,0
4455,0
4456,1
4457,0
4458,1
4459,1
4460,1
4461,1
4462,0
4463,1
4464,1
4465,1
4466,0
4467,1
4468,1
4469,1
4470,0
4471,1
4472,1
4473,1
4474,1
4475,0
4476,1
4477,1
4478,1
4479,0
4480,1
4481,1
4482,1
4483,1
4484,1
4485,1
4486,1
4487,1
4488,0
4489,1
4490,0
4491,0
4492,1
4493,0
4494,1
4495,1
4496,1
4497,1
4498,0
4499,0
4500,1
4501,0
4502,1
4503,0
4504,1
4505,1
4506,1
4507,1
4508,0
4509,0
4510,1
4511,0
4512,1
4513,0
4514,1
4515,1
4516,0
4517,0
4518,1
4519,1
4520,1
4521,1
4522,0
4523,1
4524,1
4525,0
4526,1
4527,1
4528,1
4529,1
4530,1
4531,1
4532,1
4533,0
4534,1
4535,0
4536,1
4537,1
4538,0
4539,1
4540,1
4541,1
4542,0
4543,0
4544,1
4545,1
4546,0
4547,0
4548,1
4549,0
4550,1
4551,0
4552,1
4553,0
4554,1
4555,1
4556,0
4557,1
4558,0
4559,1
4560,1
4561,1
4562,0
4563,1
4564,1
4565,0
4566,0
4567,1
4568,1
4569,0
4570,1
4571,0
4572,1
4573,1
4574,0
4575,1
4576,0
4577,1
4578,1
4579,1
4580,1
4581,1
4582,0
4583,1
4584,1
4585,0
4586,1
4587,1
4588,1
4589,1
4590,0
4591,1
4592,0
4593,0
4594,1
4595,0
4596,1
4597,1
4598,1
4599,0
4600,1
4601,1
4602,1
4603,1
4604,1
4605,1
4606,1
4607,1
4608,0
4609,1
4610,1
4611,1
4612,0
4613,1
4614,0
4615,1
4616,1
4617,1
4618,1
4619,1
4620,1
4621,0
4622,1
4623,1
4624,1
4625,1
4626,1
4627,1
4628,0
4629,0
4630,1
4631,0
4632,0
4633,1
4634,1
4635,1
4636,1
4637,1
4638,0
4639,1
4640,1
4641,1
4642,1
4643,1
4644,1
4645,1
4646,0
4647,1
4648,0
4649,0
4650,1
4651,1
4652,1
4653,0
4654,1
4655,1
4656,1
4657,0
4658,1
4659,1
4660,1
4661,0
4662,1
4663,1
4664,0
4665,1
4666,1
4667,1
4668,0
4669,1
4670,0
4671,1
4672,1
4673,1
4674,1
4675,0
4676,0
4677,1
4678,1
4679,1
4680,1
4681,1
4682,0
4683,1
4684,1
4685,1
4686,1
4687,1
4688,1
4689,1
4690,0
4691,1
4692,1
4693,1
4694,0
4695,1
4696,0
4697,1
4698,1
4699,1
4700,1
4701,1
4702,1
4703,1
4704,1
4705,0
4706,1
4707,1
4708,1
4709,1
4710,0
4711,1
4712,1
4713,0
4714,1
4715,1
4716,0
4717,1
4718,0
4719,1
4720,1
4721,1
4722,1
4723,0
4724,1
4725,1
4726,1
4727,1
4728,1
4729,1
4730,1
4731,1
4732,1
4733,0
4734,1
4735,1
4736,1
4737,1
4738,1
4739,1
4740,1
4741,1
4742,1
4743,1
4744,1
4745,0
4746,1
4747,1
4748,0
4749,1
4750,1
4751,1
4752,1
4753,1
4754,1
4755,0
4756,0
4757,1
4758,1
4759,1
4760,0
4761,1
4762,1
4763,1
4764,0
4765,1
4766,1
4767,0
4768,1
4769,1
4770,0
4771,1
4772,1
4773,1
4774,1
4775,1
4776,1
4777,0
4778,1
4779,1
4780,1
4781,1
4782,0
4783,1
4784,0
4785,1
4786,1
4787,1
4788,1
4789,1
4790,1
4791,1
4792,0
4793,1
4794,1
4795,1
4796,1
4797,0
4798,0
4799,0
4800,1
4801,1
4802,1
4803,1
4804,0
4805,1
4806,1
4807,0
4808,1
4809,0
4810,1
4811,0
4812,1
4813,0
4814,1
4815,1
4816,1
4817,1
4818,1
4819,1
4820,1
4821,0
4822,1
4823,0
4824,1
4825,1
4826,1
4827,1
4828,0
4829,1
4830,0
4831,1
4832,1
4833,0
4834,0
4835,1
4836,1
4837,1
4838,1
4839,1
4840,1
4841,0
4842,1
4843,1
4844,0
4845,0
4846,0
4847,0
4848,1
4849,1
4850,1
4851,1
4852,1
4853,1
4854,1
4855,0
4856,1
4857,1
4858,1
4859,1
4860,1
4861,1
4862,1
4863,0
4864,1
4865,1
4866,1
4867,0
4868,1
4869,1
4870,1
4871,1
4872,0
4873,0
4874,1
4875,1
4876,1
4877,1
4878,1
4879,1
4880,1
4881,1
4882,1
4883,0
4884,0
4885,1
4886,0
4887,1
4888,1
4889,1
4890,1
4891,1
4892,1
4893,1
4894,0
4895,1
4896,1
4897,0
4898,1
4899,1
4900,1
4901,1
4902,1
4903,1
4904,1
4905,1
4906,1
4907,1
4908,1
4909,1
4910,1
4911,1
4912,1
4913,1
4914,1
4915,0
4916,1
4917,1
4918,1
4919,1
4920,0
4921,0
4922,1
4923,1
4924,1
4925,1
4926,1
4927,1
4928,0
4929,1
4930,1
4931,1
4932,0
4933,0
4934,1
4935,1
4936,1
4937,1
4938,0
4939,0
4940,1
4941,1
4942,1
4943,1
4944,1
4945,1
4946,1
4947,0
4948,1
4949,0
4950,0
4951,0
4952,1
4953,1
4954,0
4955,1
4956,1
4957,0
4958,1
4959,1
4960,1
4961,0
4962,1
4963,1
4964,0
4965,0
4966,0
4967,0
4968,1
4969,1
4970,0
4971,1
4972,1
4973,1
4974,0
4975,1
4976,1
4977,1
4978,1
4979,1
4980,1
4981,1
4982,1
4983,0
4984,1
4985,1
4986,0
4987,1
4988,1
4989,1
4990,1
4991,0
4992,1
4993,1
4994,1
4995,1
4996,0
4997,1
4998,1
4999,0
5000,1
5001,1
5002,1
5003,1
5004,0
5005,1
5006,1
5007,1
5008,0
5009,1
5010,1
5011,1
5012,1
5013,0
5014,0
5015,1
5016,1
5017,0
5018,1
5019,0
5020,1
5021,1
5022,0
5023,1
5024,0
5025,1
5026,1
5027,1
5028,1
5029,1
5030,1
5031,1
5032,1
5033,0
5034,1
5035,1
5036,1
5037,1
5038,0
5039,1
5040,1
5041,1
5042,0
5043,0
5044,1
5045,0
5046,1
5047,0
5048,0
5049,1
5050,1
5051,1
5052,1
5053,1
5054,1
5055,1
5056,1
5057,1
5058,1
5059,0
5060,1
5061,0
5062,1
5063,0
5064,0
5065,1
5066,1
5067,1
5068,1
5069,0
5070,0
5071,1
5072,1
5073,0
5074,1
5075,1
5076,1
5077,1
5078,1
5079,1
5080,0
5081,1
5082,1
5083,0
5084,0
5085,1
5086,0
5087,1
5088,1
5089,1
5090,1
5091,1
5092,1
5093,0
5094,0
5095,1
5096,0
5097,1
5098,0
5099,0
5100,1
5101,1
5102,0
5103,1
5104,1
5105,1
5106,1
5107,1
5108,1
5109,1
5110,1
5111,1
5112,1
5113,0
5114,1
5115,1
5116,0
5117,1
5118,1
5119,0
5120,1
5121,0
5122,1
5123,1
5124,0
5125,1
5126,1
5127,1
5128,1
5129,1
5130,1
5131,1
5132,1
5133,1
5134,1
5135,1
5136,1
5137,0
5138,0
5139,0
5140,1
5141,1
5142,1
5143,0
5144,1
5145,1
5146,1
5147,0
5148,0
5149,1
5150,1
5151,1
5152,1
5153,1
5154,1
5155,0
5156,1
5157,1
5158,0
5159,1
5160,1
5161,1
5162,1
5163,1
5164,1
5165,1
5166,1
5167,1
5168,1
5169,1
5170,1
5171,0
5172,1
5173,1
5174,0
5175,1
5176,0
5177,1
5178,1
5179,0
5180,1
5181,1
5182,1
5183,1
5184,1
5185,0
5186,1
5187,1
5188,1
5189,1
5190,1
5191,1
5192,1
5193,1
5194,0
5195,1
5196,0
5197,1
5198,0
5199,1
5200,1
5201,0
5202,1
5203,0
5204,1
5205,1
5206,0
5207,1
5208,0
5209,1
5210,1
5211,1
5212,1
5213,1
5214,1
5215,1
5216,1
5217,0
5218,0
5219,0
5220,1
5221,1
5222,0
5223,1
5224,1
5225,1
5226,1
5227,0
5228,0
5229,1
5230,0
5231,1
5232,1
5233,1
5234,1
5235,1
5236,1
5237,1
5238,1
5239,1
5240,0
5241,0
5242,1
5243,1
5244,1
5245,0
5246,1
5247,1
5248,1
5249,1
5250,1
5251,1
5252,1
5253,1
5254,1
5255,1
5256,0
5257,1
5258,1
5259,1
5260,1
5261,1
5262,0
5263,1
5264,0
5265,1
5266,1
5267,1
5268,1
5269,1
5270,0
5271,1
5272,1
5273,1
5274,0
5275,0
5276,1
5277,1
5278,1
5279,1
5280,0
5281,1
5282,0
5283,0
5284,1
5285,1
5286,0
5287,0
5288,1
5289,1
5290,1
5291,1
5292,1
5293,1
5294,1
5295,0
5296,1
5297,1
5298,1
5299,1
5300,0
5301,1
5302,1
5303,1
5304,0
5305,1
5306,1
5307,1
5308,0
5309,0
5310,1
5311,0
5312,0
5313,0
5314,0
5315,1
5316,0
5317,1
5318,1
5319,1
5320,1
5321,1
5322,1
5323,1
5324,0
5325,1
5326,1
5327,1
5328,0
5329,0
5330,1
5331,0
5332,0
5333,0
5334,0
5335,1
5336,1
5337,1
5338,1
5339,1
5340,0
5341,1
5342,1
5343,0
5344,1
5345,1
5346,1
5347,1
5348,1
5349,1
5350,1
5351,1
5352,1
5353,1
5354,0
5355,1
5356,1
5357,1
5358,0
5359,1
5360,1
5361,1
5362,1
5363,1
5364,1
5365,0
5366,1
5367,0
5368,1
5369,1
5370,1
5371,1
5372,0
5373,0
5374,0
5375,1
5376,1
5377,1
5378,1
5379,1
5380,1
5381,1
5382,1
5383,1
5384,1
5385,0
5386,1
5387,1
5388,1
5389,1
5390,1
5391,1
5392,1
5393,0
5394,0
5395,0
5396,1
5397,1
5398,1
5399,0
5400,0
5401,0
5402,1
5403,1
5404,1
5405,1
5406,0
5407,0
5408,0
5409,1
5410,1
5411,0
5412,1
5413,0
5414,1
5415,1
5416,0
5417,1
5418,1
5419,0
5420,0
5421,1
5422,1
5423,1
5424,1
5425,1
5426,1
5427,0
5428,0
5429,0
5430,1
5431,0
5432,1
5433,1
5434,1
5435,0
5436,1
5437,0
5438,0
5439,1
5440,1
5441,0
5442,1
5443,1
5444,1
5445,1
5446,1
5447,0
5448,0
5449,1
5450,1
5451,0
5452,0
5453,1
5454,1
5455,1
5456,1
5457,1
5458,0
5459,1
5460,1
5461,1
5462,1
5463,1
5464,1
5465,1
5466,1
5467,1
5468,1
5469,1
5470,1
5471,0
5472,1
5473,1
5474,0
5475,1
5476,1
5477,1
5478,1
5479,1
5480,0
5481,0
5482,0
5483,1
5484,1
5485,1
5486,1
5487,0
5488,1
5489,1
5490,1
5491,1
5492,1
5493,1
5494,0
5495,0
5496,0
5497,1
5498,1
5499,1
5500,1
5501,1
5502,1
5503,1
5504,0
5505,1
5506,0
5507,1
5508,0
5509,1
5510,1
5511,1
5512,1
5513,0
5514,1
5515,1
5516,0
5517,1
5518,1
5519,1
5520,0
5521,1
5522,0
5523,1
5524,0
5525,1
5526,1
5527,1
5528,0
5529,1
5530,1
5531,1
5532,1
5533,0
5534,1
5535,1
5536,1
5537,1
5538,1
5539,1
5540,1
5541,1
5542,1
5543,0
5544,1
5545,1
5546,1
5547,1
5548,1
5549,1
5550,1
5551,0
5552,1
5553,0
5554,1
5555,1
5556,1
5557,1
5558,1
5559,1
5560,1
5561,0
5562,1
5563,1
5564,1
5565,1
5566,1
5567,1
5568,1
5569,1
5570,1
5571,1
5572,1
5573,1
5574,1
5575,1
5576,0
5577,1
5578,1
5579,1
5580,1
5581,1
5582,1
5583,1
5584,1
5585,1
5586,1
5587,0
5588,1
5589,1
5590,1
5591,1
5592,0
5593,1
5594,1
5595,1
5596,1
5597,0
5598,0
5599,1
5600,1
5601,1
5602,0
5603,0
5604,0
5605,0
5606,1
5607,1
5608,0
5609,0
5610,0
5611,1
5612,1
5613,1
5614,1
5615,0
5616,0
5617,0
5618,1
5619,0
5620,1
5621,1
5622,1
5623,1
5624,1
5625,0
5626,1
5627,1
5628,1
5629,0
5630,0
5631,1
5632,0
5633,1
5634,1
5635,1
5636,1
5637,1
5638,1
5639,1
5640,1
5641,1
5642,1
5643,1
5644,1
5645,1
5646,1
5647,1
5648,1
5649,0
5650,0
5651,0
5652,1
5653,1
5654,0
5655,1
5656,1
5657,1
5658,0
5659,0
5660,1
5661,1
5662,0
5663,1
5664,0
5665,1
5666,1
5667,1
5668,1
5669,1
5670,1
5671,1
5672,0
5673,1
5674,1
5675,1
5676,0
5677,1
5678,1
5679,1
5680,1
5681,1
5682,1
5683,0
5684,1
5685,1
5686,1
5687,0
5688,1
5689,0
5690,1
5691,0
5692,1
5693,0
5694,0
5695,1
5696,1
5697,0
5698,1
5699,1
5700,1
5701,0
5702,1
5703,1
5704,1
5705,1
5706,1
5707,0
5708,0
5709,1
5710,0
5711,1
5712,1
5713,0
5714,0
5715,1
5716,0
5717,0
5718,1
5719,1
5720,0
5721,1
5722,0
5723,0
5724,0
5725,1
5726,1
5727,1
5728,0
5729,0
5730,1
5731,0
5732,0
5733,1
5734,1
5735,0
5736,1
5737,1
5738,1
5739,1
5740,1
5741,1
5742,1
5743,0
5744,1
5745,1
5746,1
5747,1
5748,1
5749,0
5750,1
5751,1
5752,1
5753,1
5754,1
5755,1
5756,1
5757,1
5758,0
5759,1
5760,1
5761,1
5762,1
5763,0
5764,1
5765,0
5766,0
5767,0
5768,1
5769,0
5770,1
5771,1
5772,0
5773,1
5774,0
5775,1
5776,1
5777,1
5778,1
5779,0
5780,1
5781,0
5782,1
5783,1
5784,1
5785,1
5786,0
5787,0
5788,1
5789,0
5790,0
5791,1
5792,1
5793,1
5794,1
5795,1
5796,1
5797,1
5798,1
5799,1
5800,1
5801,1
5802,0
5803,1
5804,1
5805,1
5806,1
5807,0
5808,1
5809,0
5810,0
5811,1
5812,0
5813,1
5814,0
5815,1
5816,1
5817,0
5818,0
5819,1
5820,1
5821,0
5822,1
5823,0
5824,1
5825,0
5826,1
5827,1
5828,1
5829,1
5830,1
5831,1
5832,0
5833,0
5834,0
5835,1
5836,0
5837,1
5838,1
5839,1
5840,1
5841,1
5842,0
5843,1
5844,0
5845,0
5846,0
5847,1
5848,1
5849,0
5850,1
5851,1
5852,0
5853,1
5854,0
5855,0
5856,1
5857,1
5858,1
5859,1
5860,1
5861,1
5862,1
5863,1
5864,1
5865,1
5866,1
5867,1
5868,1
5869,1
5870,1
5871,1
5872,0
5873,1
5874,0
5875,0
5876,1
5877,1
5878,1
5879,1
5880,1
5881,1
5882,1
5883,1
5884,1
5885,1
5886,0
5887,1
5888,1
5889,1
5890,0
5891,0
5892,1
5893,1
5894,1
5895,0
5896,1
5897,1
5898,0
5899,1
5900,1
5901,1
5902,1
5903,0
5904,1
5905,1
5906,1
5907,1
5908,0
5909,1
5910,1
5911,0
5912,1
5913,0
5914,0
5915,1
5916,0
5917,1
5918,1
5919,1
5920,1
5921,0
5922,0
5923,0
5924,1
5925,1
5926,1
5927,1
5928,1
5929,1
5930,0
5931,1
5932,0
5933,1
5934,0
5935,1
5936,1
5937,1
5938,1
5939,1
5940,1
5941,1
5942,1
5943,0
5944,1
5945,1
5946,1
5947,1
5948,1
5949,1
5950,0
5951,1
5952,1
5953,1
5954,1
5955,1
5956,1
5957,0
5958,1
5959,1
5960,1
5961,0
5962,0
5963,1
5964,1
5965,0
5966,1
5967,1
5968,1
5969,1
5970,0
5971,1
5972,1
5973,1
5974,1
5975,0
5976,1
5977,1
5978,1
5979,1
5980,0
5981,0
5982,1
5983,1
5984,0
5985,1
5986,1
5987,0
5988,1
5989,1
5990,1
5991,1
5992,1
5993,0
5994,0
5995,1
5996,0
5997,1
5998,1
5999,1
6000,1
6001,1
6002,0
6003,1
6004,0
6005,1
6006,1
6007,1
6008,0
6009,1
6010,1
6011,0
6012,1
6013,1
6014,1
6015,1
6016,1
6017,1
6018,0
6019,0
6020,1
6021,1
6022,1
6023,1
6024,1
6025,1
6026,1
6027,0
6028,0
6029,0
6030,1
6031,1
6032,1
6033,0
6034,0
6035,1
6036,1
6037,1
6038,1
6039,1
6040,1
6041,1
6042,0
6043,0
6044,1
6045,1
6046,1
6047,1
6048,0
6049,1
6050,1
6051,0
6052,1
6053,0
6054,1
6055,0
6056,0
6057,1
6058,0
6059,0
6060,1
6061,0
6062,1
6063,1
6064,0
6065,0
6066,1
6067,1
6068,1
6069,1
6070,1
6071,1
6072,0
6073,1
6074,1
6075,1
6076,1
6077,0
6078,0
6079,1
6080,0
6081,1
6082,1
6083,1
6084,0
6085,1
6086,1
6087,1
6088,1
6089,0
6090,0
6091,1
6092,0
6093,0
6094,1
6095,1
6096,0
6097,1
6098,1
6099,1
6100,1
6101,1
6102,1
6103,1
6104,0
6105,0
6106,0
6107,1
6108,1
6109,1
6110,0
6111,0
6112,1
6113,1
6114,1
6115,1
6116,0
6117,1
6118,1
6119,1
6120,1
6121,1
6122,0
6123,1
6124,1
6125,1
6126,0
6127,0
6128,1
6129,0
6130,1
6131,0
6132,1
6133,1
6134,0
6135,1
6136,1
6137,0
6138,1
6139,1
6140,1
6141,1
6142,1
6143,0
6144,1
6145,1
6146,1
6147,1
6148,1
6149,1
6150,1
6151,1
6152,1
6153,0
6154,1
6155,0
6156,1
6157,1
6158,1
6159,0
6160,1
6161,1
6162,0
6163,0
6164,1
6165,0
6166,1
6167,1
6168,1
6169,0
6170,0
6171,1
6172,0
6173,1
6174,1
6175,1
6176,1
6177,1
6178,1
6179,1
6180,1
6181,1
6182,1
6183,1
6184,1
6185,1
6186,1
6187,0
6188,1
6189,1
6190,0
6191,0
6192,1
6193,1
6194,1
6195,1
6196,1
6197,0
6198,1
6199,1
6200,0
6201,0
6202,0
6203,1
6204,1
6205,0
6206,1
6207,1
6208,1
6209,1
6210,0
6211,0
6212,1
6213,1
6214,1
6215,0
6216,1
6217,1
6218,1
6219,1
6220,1
6221,1
6222,1
6223,0
6224,1
6225,1
6226,0
6227,1
6228,1
6229,1
6230,1
6231,1
6232,0
6233,1
6234,1
6235,0
6236,1
6237,1
6238,1
6239,1
6240,1
6241,1
6242,1
6243,1
6244,1
6245,1
6246,1
6247,0
6248,1
6249,1
6250,1
6251,0
6252,1
6253,0
6254,0
6255,1
6256,1
6257,1
6258,1
6259,1
6260,1
6261,0
6262,1
6263,1
6264,1
6265,0
6266,1
6267,1
6268,1
6269,1
6270,1
6271,1
6272,1
6273,1
6274,1
6275,1
6276,0
6277,1
6278,1
6279,1
6280,0
6281,1
6282,1
6283,1
6284,1
6285,0
6286,1
6287,0
6288,1
6289,1
6290,1
6291,0
6292,1
6293,0
6294,1
6295,0
6296,1
6297,0
6298,1
6299,1
6300,0
6301,1
6302,1
6303,0
6304,1
6305,0
6306,1
6307,1
6308,1
6309,1
6310,1
6311,0
6312,1
6313,1
6314,1
6315,0
6316,1
6317,1
6318,1
6319,1
6320,1
6321,1
6322,1
6323,0
6324,0
6325,1
6326,0
6327,1
6328,0
6329,1
6330,1
6331,1
6332,1
6333,0
6334,1
6335,1
6336,0
6337,1
6338,1
6339,1
6340,1
6341,1
6342,1
6343,0
6344,1
6345,1
6346,1
6347,0
6348,0
6349,1
6350,1
6351,1
6352,1
6353,0
6354,1
6355,1
6356,0
6357,1
6358,1
6359,1
6360,1
6361,1
6362,1
6363,1
6364,1
6365,1
6366,1
6367,1
6368,0
6369,1
6370,1
6371,1
6372,1
6373,0
6374,0
6375,1
6376,1
6377,0
6378,1
6379,1
6380,1
6381,1
6382,1
6383,1
6384,1
6385,0
6386,1
6387,1
6388,0
6389,1
6390,1
6391,1
6392,1
6393,0
6394,1
6395,1
6396,0
6397,1
6398,1
6399,0
6400,1
6401,0
6402,0
6403,1
6404,0
6405,1
6406,0
6407,0
6408,0
6409,1
6410,1
6411,1
6412,1
6413,0
6414,0
6415,1
6416,1
6417,1
6418,1
6419,1
6420,1
6421,0
6422,0
6423,1
6424,0
6425,1
6426,0
6427,1
6428,0
6429,1
6430,1
6431,1
6432,1
6433,1
6434,1
6435,1
6436,1
6437,1
6438,1
6439,1
6440,1
6441,1
6442,1
6443,0
6444,1
6445,0
6446,1
6447,1
6448,1
6449,0
6450,1
6451,1
6452,1
6453,1
6454,1
6455,1
6456,1
6457,0
6458,1
6459,1
6460,1
6461,1
6462,1
6463,0
6464,1
6465,1
6466,1
6467,1
6468,1
6469,1
6470,1
6471,0
6472,0
6473,0
6474,1
6475,1
6476,0
6477,1
6478,0
6479,0
6480,0
6481,1
6482,1
6483,1
6484,1
6485,1
6486,1
6487,0
6488,1
6489,1
6490,1
6491,1
6492,1
6493,0
6494,0
6495,1
6496,1
6497,1
6498,0
6499,1
6500,0
6501,0
6502,1
6503,0
6504,1
6505,0
6506,0
6507,0
6508,0
6509,1
6510,1
6511,1
6512,1
6513,1
6514,1
6515,1
6516,1
6517,1
6518,0
6519,1
6520,1
6521,1
6522,1
6523,0
6524,0
6525,1
6526,1
6527,1
6528,0
6529,1
6530,1
6531,1
6532,1
6533,0
6534,1
6535,0
6536,1
6537,1
6538,1
6539,1
6540,1
6541,1
6542,0
6543,1
6544,1
6545,1
6546,1
6547,1
6548,1
6549,1
6550,1
6551,1
6552,0
6553,1
6554,0
6555,1
6556,0
6557,1
6558,0
6559,0
6560,1
6561,1
6562,1
6563,1
6564,0
6565,1
6566,1
6567,1
6568,0
6569,1
6570,0
6571,1
6572,1
6573,1
6574,1
6575,0
6576,0
6577,1
6578,1
6579,0
6580,1
6581,1
6582,1
6583,0
6584,1
6585,1
6586,1
6587,1
6588,1
6589,1
6590,1
6591,0
6592,1
6593,0
6594,0
6595,1
6596,1
6597,1
6598,0
6599,1
6600,1
6601,1
6602,1
6603,0
6604,1
6605,1
6606,1
6607,1
6608,1
6609,0
6610,1
6611,1
6612,0
6613,1
6614,0
6615,0
6616,0
6617,0
6618,0
6619,1
6620,0
6621,1
6622,1
6623,0
6624,0
6625,1
6626,1
6627,0
6628,1
6629,1
6630,1
6631,0
6632,1
6633,1
6634,0
6635,1
6636,0
6637,0
6638,1
6639,1
6640,1
6641,1
6642,1
6643,1
6644,1
6645,0
6646,1
6647,1
6648,1
6649,1
6650,1
6651,1
6652,1
6653,1
6654,1
6655,1
6656,0
6657,1
6658,1
6659,1
6660,1
6661,1
6662,1
6663,1
6664,1
6665,1
6666,0
6667,1
6668,0
6669,1
6670,1
6671,1
6672,1
6673,0
6674,1
6675,0
6676,1
6677,1
6678,0
6679,0
6680,1
6681,0
6682,1
6683,0
6684,0
6685,1
6686,1
6687,1
6688,0
6689,0
6690,1
6691,1
6692,1
6693,1
6694,1
6695,1
6696,1
6697,1
6698,1
6699,1
6700,0
6701,1
6702,0
6703,0
6704,1
6705,0
6706,0
6707,1
6708,0
6709,1
6710,1
6711,1
6712,1
6713,0
6714,0
6715,1
6716,1
6717,1
6718,1
6719,0
6720,1
6721,1
6722,1
6723,1
6724,0
6725,1
6726,1
6727,1
6728,1
6729,1
6730,1
6731,0
6732,0
6733,1
6734,1
6735,1
6736,1
6737,0
6738,1
6739,0
6740,1
6741,0
6742,1
6743,0
6744,0
6745,1
6746,1
6747,1
6748,0
6749,0
6750,1
6751,0
6752,1
6753,1
6754,0
6755,1
6756,1
6757,1
6758,1
6759,0
6760,0
6761,1
6762,1
6763,1
6764,0
6765,1
6766,1
6767,0
6768,1
6769,1
6770,1
6771,1
6772,1
6773,1
6774,1
6775,1
6776,1
6777,1
6778,0
6779,1
6780,0
6781,1
6782,1
6783,1
6784,1
6785,1
6786,0
6787,1
6788,0
6789,1
6790,1
6791,1
6792,1
6793,1
6794,1
6795,1
6796,1
6797,1
6798,1
6799,0
6800,1
6801,0
6802,0
6803,0
6804,1
6805,0
6806,1
6807,1
6808,1
6809,1
6810,1
6811,1
6812,1
6813,1
6814,1
6815,1
6816,1
6817,0
6818,0
6819,1
6820,0
6821,1
6822,1
6823,1
6824,0
6825,1
6826,0
6827,1
6828,1
6829,0
6830,1
6831,1
6832,1
6833,1
6834,1
6835,1
6836,1
6837,1
6838,1
6839,1
6840,0
6841,1
6842,0
6843,1
6844,1
6845,1
6846,1
6847,1
6848,0
6849,1
6850,0
6851,1
6852,1
6853,1
6854,0
6855,1
6856,1
6857,1
6858,0
6859,1
6860,1
6861,0
6862,1
6863,0
6864,1
6865,1
6866,1
6867,1
6868,1
6869,1
6870,0
6871,1
6872,0
6873,1
6874,0
6875,1
6876,1
6877,1
6878,1
6879,1
6880,1
6881,1
6882,0
6883,0
6884,1
6885,1
6886,1
6887,1
6888,0
6889,0
6890,1
6891,1
6892,0
6893,0
6894,0
6895,1
6896,1
6897,1
6898,0
6899,0
6900,0
6901,0
6902,1
6903,0
6904,1
6905,1
6906,0
6907,1
6908,1
6909,1
6910,1
6911,0
6912,1
6913,0
6914,0
6915,1
6916,1
6917,1
6918,1
6919,1
6920,1
6921,0
6922,1
6923,1
6924,0
6925,0
6926,1
6927,1
6928,1
6929,1
6930,1
6931,1
6932,1
6933,1
6934,1
6935,1
6936,1
6937,1
6938,1
6939,1
6940,1
6941,1
6942,1
6943,1
6944,1
6945,1
6946,0
6947,0
6948,0
6949,1
6950,1
6951,0
6952,1
6953,0
6954,1
6955,0
6956,1
6957,0
6958,1
6959,1
6960,0
6961,1
6962,1
6963,1
6964,1
6965,1
6966,1
6967,1
6968,1
6969,1
6970,0
6971,1
6972,1
6973,1
6974,1
6975,0
6976,0
6977,1
6978,1
6979,1
6980,1
6981,1
6982,1
6983,1
6984,1
6985,1
6986,1
6987,1
6988,1
6989,1
6990,1
6991,1
6992,1
6993,1
6994,1
6995,1
6996,1
6997,0
6998,0
6999,1
7000,1
7001,1
7002,1
7003,0
7004,1
7005,0
7006,0
7007,1
7008,1
7009,1
7010,0
7011,0
7012,0
7013,1
7014,1
7015,1
7016,1
7017,1
7018,1
7019,1
7020,1
7021,1
7022,1
7023,0
7024,1
7025,0
7026,1
7027,0
7028,0
7029,0
7030,1
7031,1
7032,1
7033,1
7034,1
7035,1
7036,1
7037,1
7038,1
7039,1
7040,0
7041,0
7042,1
7043,1
7044,1
7045,1
7046,0
7047,1
7048,1
7049,1
7050,1
7051,1
7052,1
7053,1
7054,1
7055,1
7056,1
7057,0
7058,1
7059,0
7060,0
7061,1
7062,1
7063,1
7064,0
7065,0
7066,1
7067,1
7068,1
7069,1
7070,0
7071,1
7072,1
7073,0
7074,1
7075,1
7076,1
7077,1
7078,0
7079,1
7080,0
7081,0
7082,1
7083,1
7084,1
7085,0
7086,0
7087,0
7088,1
7089,0
7090,0
7091,1
7092,1
7093,1
7094,1
7095,0
7096,1
7097,0
7098,0
7099,1
7100,1
7101,0
7102,1
7103,1
7104,1
7105,1
7106,1
7107,1
7108,1
7109,0
7110,1
7111,0
7112,1
7113,1
7114,1
7115,1
7116,1
7117,1
7118,1
7119,1
7120,0
7121,1
7122,0
7123,0
7124,1
7125,1
7126,1
7127,1
7128,1
7129,0
7130,0
7131,1
7132,1
7133,1
7134,1
7135,0
7136,1
7137,0
7138,1
7139,1
7140,1
7141,1
7142,1
7143,1
7144,1
7145,0
7146,1
7147,0
7148,1
7149,1
7150,0
7151,1
7152,0
7153,1
7154,0
7155,0
7156,1
7157,1
7158,0
7159,1
7160,1
7161,0
7162,0
7163,0
7164,1
7165,1
7166,1
7167,0
7168,0
7169,1
7170,1
7171,1
7172,1
7173,0
7174,1
7175,1
7176,0
7177,0
7178,1
7179,1
7180,1
7181,1
7182,1
7183,1
7184,1
7185,1
7186,1
7187,0
7188,1
7189,1
7190,1
7191,1
7192,1
7193,1
7194,0
7195,1
7196,1
7197,1
7198,1
7199,1
7200,1
7201,1
7202,0
7203,1
7204,0
7205,1
7206,0
7207,1
7208,0
7209,1
7210,0
7211,1
7212,0
7213,1
7214,1
7215,1
7216,1
7217,1
7218,1
7219,0
7220,1
7221,1
7222,0
7223,0
7224,0
7225,1
7226,0
7227,1
7228,1
7229,1
7230,1
7231,1
7232,1
7233,1
7234,1
7235,1
7236,1
7237,0
7238,0
7239,1
7240,1
7241,1
7242,1
7243,1
7244,0
7245,0
7246,1
7247,1
7248,1
7249,1
7250,1
7251,0
7252,0
7253,1
7254,1
7255,1
7256,0
7257,1
7258,0
7259,0
7260,1
7261,0
7262,1
7263,1
7264,1
7265,0
7266,1
7267,1
7268,0
7269,1
7270,1
7271,1
7272,1
7273,0
7274,1
7275,1
7276,1
7277,0
7278,0
7279,1
7280,1
7281,1
7282,1
7283,1
7284,1
7285,1
7286,1
7287,1
7288,0
7289,1
7290,1
7291,1
7292,0
7293,1
7294,1
7295,1
7296,1
7297,1
7298,0
7299,1
7300,1
7301,1
7302,0
7303,1
7304,1
7305,1
7306,1
7307,1
7308,1
7309,1
7310,1
7311,0
Generation,Best Fitness
0,528
1,541
2,543
3,552
4,561
5,570
6,572
7,583
8,582
9,590
10,597
11,598
12,602
13,613
14,609
15,619
16,619
17,621
18,626
19,630
20,631
21,634
22,634
23,638
24,639
25,640
26,642
27,647
28,647
29,650
30,652
31,654
32,655
33,657
34,662
35,662
36,666
37,666
38,670
39,670
40,674
41,677
42,679
43,681
44,684
45,686
46,689
47,691
48,692
49,695
50,697
51,697
52,700
53,703
54,704
55,707
56,707
57,708
58,708
59,711
60,712
61,714
62,714
63,716
64,718
65,719
66,720
67,723
68,724
69,725
70,727
71,727
72,730
73,730
74,733
75,733
76,736
77,737
78,738
79,742
80,742
81,742
82,743
83,746
84,747
85,750
86,752
87,753
88,754
89,754
90,757
91,760
92,763
93,763
94,767
95,767
96,768
97,770
98,772
99,773
100,773
101,774
102,774
103,776
104,777
105,780
106,779
107,782
108,783
109,783
110,784
111,786
112,787
113,790
114,793
115,795
116,797
117,798
118,801
119,800
120,803
121,803
122,803
123,805
124,806
125,807
126,808
127,810
128,810
129,811
130,813
131,814
132,815
133,816
134,817
135,818
136,819
137,820
138,821
139,822
140,824
141,826
142,826
143,827
144,828
145,831
146,831
147,832
148,834
149,835
150,836
151,839
152,840
153,842
154,842
155,844
156,844
157,846
158,848
159,849
160,850
161,851
162,852
163,852
164,853
165,855
166,856
167,857
168,859
169,859
170,861
171,862
172,862
173,865
174,865
175,866
176,866
177,866
178,867
179,868
180,869
181,870
182,872
183,872
184,873
185,875
186,875
187,876
188,879
189,880
190,881
191,881
192,882
193,882
194,883
195,883
196,885
197,885
198,885
199,888
200,889
201,888
202,888
203,891
204,889
205,892
206,892
207,893
208,892
209,893
210,895
211,895
212,896
213,898
214,898
215,899
216,900
217,901
218,901
219,903
220,903
221,904
222,905
223,906
224,907
225,908
226,908
227,909
228,910
229,911
230,913
231,913
232,914
233,913
234,914
235,914
236,915
237,917
238,917
239,918
240,920
241,920
242,920
243,922
244,922
245,922
246,923
247,924
248,926
249,926
250,926
251,929
252,928
253,930
254,930
255,930
256,931
257,932
258,933
259,934
260,937
261,936
262,937
263,937
264,938
265,938
266,938
267,938
268,939
269,940
270,940
271,940
272,941
273,941
274,943
275,943
276,945
277,944
278,944
279,945
280,945
281,946
282,946
283,946
284,948
285,950
286,949
287,950
288,950
289,951
290,951
291,953
292,953
293,953
294,953
295,952
296,954
297,954
298,954
299,955
300,954
301,956
302,956
303,957
304,957
305,957
306,959
307,958
308,959
309,960
310,960
311,961
312,961
313,962
314,963
315,963
316,963
317,964
318,963
319,964
320,965
321,966
322,966
323,967
324,967
325,967
326,967
327,968
328,968
329,969
330,969
331,970
332,969
333,970
334,971
335,971
336,972
337,972
338,972
339,972
340,972
341,973
342,973
343,974
344,973
345,974
346,974
347,974
348,975
349,975
350,976
351,977
352,976
353,977
354,977
355,977
356,978
357,978
358,978
359,979
360,979
361,979
362,980
363,981
364,982
365,981
366,981
367,981
368,982
369,982
370,983
371,983
372,983
373,984
374,984
375,984
376,985
377,985
378,986
379,986
380,987
381,987
382,988
383,988
384,988
385,988
386,989
387,989
388,990
389,989
390,990
391,992
392,992
393,992
394,992
395,992
396,991
397,991
398,991
399,991
400,992
401,992
402,992
403,993
404,992
405,992
406,992
407,993
408,993
409,993
410,993
411,993
412,994
413,994
414,994
415,994
416,994
417,994
418,994
419,994
420,994
421,994
422,995
423,995
424,996
425,996
426,995
427,996
428,996
429,996
430,996
431,996
432,997
433,996
434,997
435,996
436,997
437,997
438,997
439,997
440,997
441,997
442,996
443,996
444,997
445,997
446,997
447,998
448,998
449,998
450,997
451,998
452,998
453,998
454,998
455,998
456,998
457,998
458,998
459,999
460,998
461,999
462,999
463,999
464,998
465,998
466,999
467,999
468,999
469,999
470,999
471,999
472,999
473,999
474,999
475,999
476,999
477,999
478,999
479,999
480,999
481,999
482,1000
