1631023498
Generation,Best Fitness
0,549
1,556
2,570
3,578
4,577
5,585
6,585
7,589
8,590
9,595
10,599
11,601
12,602
13,608
14,612
15,615
16,617
17,620
18,621
19,623
20,626
21,630
22,634
23,634
24,637
25,638
26,640
27,641
28,643
29,644
30,647
31,650
32,650
33,650
34,653
35,656
36,657
37,657
38,664
39,663
40,665
41,667
42,669
43,671
44,672
45,674
46,677
47,677
48,680
49,684
50,684
51,685
52,686
53,688
54,690
55,694
56,695
57,696
58,698
59,701
60,702
61,706
62,707
63,710
64,711
65,713
66,713
67,714
68,715
69,720
70,722
71,722
72,721
73,722
74,725
75,728
76,729
77,728
78,730
79,731
80,733
81,734
82,734
83,735
84,736
85,738
86,740
87,742
88,744
89,744
90,747
91,750
92,750
93,752
94,754
95,759
96,760
97,763
98,762
99,764
100,766
101,769
102,770
103,770
104,772
105,774
106,776
107,776
108,777
109,779
110,780
111,781
112,781
113,784
114,786
115,786
116,789
117,791
118,790
119,792
120,793
121,795
122,798
123,799
124,800
125,803
126,804
127,807
128,808
129,809
130,810
131,810
132,812
133,813
134,815
135,815
136,817
137,818
138,821
139,820
140,823
141,823
142,825
143,826
144,827
145,828
146,830
147,832
148,833
149,834
150,836
151,838
152,841
153,842
154,843
155,846
156,846
157,847
158,848
159,849
160,851
161,851
162,852
163,854
164,855
165,855
166,857
167,858
168,859
169,859
170,861
171,863
172,866
173,866
174,868
175,868
176,868
177,869
178,870
179,871
180,871
181,872
182,873
183,875
184,876
185,876
186,880
187,880
188,882
189,881
190,883
191,885
192,888
193,891
194,891
195,891
196,892
197,893
198,894
199,896
200,897
201,897
202,897
203,899
204,899
205,900
206,901
207,901
208,904
209,903
210,906
211,905
212,906
213,907
214,908
215,909
216,909
217,910
218,912
219,913
220,914
221,915
222,916
223,916
224,918
225,919
226,919
227,921
228,920
229,920
230,921
231,922
232,923
233,923
234,924
235,924
236,925
237,926
238,927
239,927
240,928
241,929
242,930
243,929
244,931
245,932
246,932
247,933
248,934
249,935
250,937
251,936
252,937
253,939
254,941
255,943
256,945
257,942
258,943
259,943
260,944
261,945
262,946
263,947
264,948
265,949
266,948
267,950
268,951
269,951
270,952
271,953
272,954
273,955
274,955
275,956
276,956
277,957
278,958
279,959
280,960
281,960
282,961
283,962
284,962
285,962
286,965
287,964
288,964
289,965
290,965
291,965
292,967
293,966
294,968
295,969
296,969
297,971
298,971
299,971
300,972
301,973
302,974
303,973
304,973
305,974
306,975
307,974
308,976
309,976
310,977
311,977
312,978
313,978
314,979
315,979
316,979
317,980
318,980
319,980
320,980
321,981
322,980
323,982
324,981
325,983
326,983
327,983
328,982
329,983
330,983
331,984
332,984
333,984
334,985
335,986
336,986
337,986
338,987
339,987
340,988
341,988
342,988
343,989
344,989
345,990
346,990
347,990
348,990
349,992
350,992
351,994
352,993
353,994
354,993
355,993
356,993
357,994
358,994
359,995
360,996
361,996
362,997
363,997
364,997
365,997
366,998
367,998
368,998
369,998
370,998
371,999
372,1000
373,1000
374,1000
375,1000
376,1001
377,1001
378,1002
379,1001
380,1001
381,1001
382,1003
383,1003
384,1004
385,1003
386,1005
387,1005
388,1005
389,1004
390,1005
391,1005
392,1006
393,1005
394,1006
395,1006
396,1006
397,1007
398,1008
399,1007
400,1008
401,1008
402,1008
403,1008
404,1008
405,1008
406,1008
407,1009
408,1009
409,1009
410,1010
411,1010
412,1012
413,1012
414,1012
415,1012
416,1012
417,1013
418,1013
419,1013
420,1013
421,1014
422,1014
423,1014
424,1014
425,1015
426,1014
427,1014
428,1015
429,1015
430,1015
431,1016
432,1016
433,1016
434,1016
435,1016
436,1016
437,1017
438,1017
439,1017
440,1017
441,1017
442,1017
443,1018
444,1017
445,1018
446,1018
447,1019
448,1018
449,1019
450,1019
451,1020
452,1020
453,1020
454,1020
455,1020
456,1021
457,1021
458,1021
459,1021
460,1021
461,1021
462,1021
463,1021
464,1021
465,1022
466,1022
467,1022
468,1022
469,1022
470,1022
471,1023
472,1022
473,1023
474,1023
475,1023
476,1023
477,1023
478,1023
479,1023
480,1023
481,1023
482,1023
483,1023
484,1023
485,1023
486,1023
487,1023
488,1023
489,1023
490,1023
491,1023
492,1023
493,1023
494,1023
495,1023
496,1023
497,1023
498,1023
499,1023
500,1023
501,1023
502,1023
503,1023
504,1023
505,1023
506,1023
507,1023
508,1023
509,1023
510,1023
511,1023
512,1023
513,1023
514,1023
515,1023
516,1023
517,1023
518,1023
519,1023
520,1023
521,1023
522,1023
523,1023
524,1023
525,1023
526,1023
527,1023
528,1023
529,1023
530,1023
531,1023
532,1023
533,1023
534,1023
535,1024
780898
