1631023491
Generation,Best Fitness
0,544
1,548
2,561
3,567
4,574
5,585
6,587
7,591
8,594
9,599
10,602
11,610
12,611
13,615
14,617
15,619
16,629
17,631
18,633
19,636
20,638
21,639
22,642
23,646
24,646
25,652
26,654
27,656
28,657
29,661
30,663
31,664
32,667
33,668
34,672
35,674
36,674
37,677
38,680
39,679
40,682
41,684
42,684
43,688
44,690
45,690
46,691
47,693
48,695
49,696
50,697
51,700
52,700
53,700
54,703
55,706
56,708
57,709
58,709
59,713
60,714
61,717
62,717
63,720
64,722
65,721
66,725
67,727
68,728
69,730
70,733
71,734
72,734
73,737
74,739
75,740
76,741
77,743
78,744
79,744
80,746
81,746
82,752
83,750
84,752
85,752
86,754
87,757
88,759
89,760
90,762
91,763
92,766
93,765
94,771
95,770
96,773
97,775
98,778
99,779
100,780
101,780
102,782
103,784
104,785
105,791
106,792
107,792
108,794
109,793
110,795
111,797
112,798
113,799
114,800
115,802
116,803
117,804
118,806
119,806
120,808
121,810
122,812
123,812
124,813
125,813
126,814
127,814
128,815
129,816
130,819
131,819
132,819
133,822
134,825
135,826
136,827
137,828
138,833
139,833
140,834
141,835
142,836
143,838
144,839
145,840
146,841
147,841
148,843
149,845
150,845
151,847
152,850
153,850
154,850
155,853
156,854
157,854
158,854
159,855
160,856
161,857
162,859
163,859
164,861
165,864
166,864
167,864
168,866
169,866
170,867
171,868
172,869
173,871
174,875
175,875
176,875
177,875
178,875
179,876
180,877
181,879
182,879
183,880
184,880
185,882
186,883
187,884
188,886
189,887
190,887
191,889
192,890
193,889
194,891
195,892
196,892
197,893
198,894
199,894
200,896
201,896
202,897
203,898
204,899
205,900
206,901
207,901
208,903
209,902
210,903
211,904
212,904
213,905
214,906
215,907
216,908
217,909
218,910
219,909
220,909
221,910
222,911
223,912
224,913
225,914
226,915
227,919
228,918
229,920
230,920
231,920
232,920
233,922
234,922
235,925
236,925
237,925
238,927
239,928
240,929
241,930
242,930
243,931
244,933
245,932
246,932
247,934
248,936
249,936
250,935
251,938
252,939
253,939
254,939
255,939
256,941
257,941
258,943
259,942
260,943
261,944
262,945
263,945
264,946
265,947
266,948
267,949
268,951
269,951
270,951
271,953
272,954
273,955
274,957
275,957
276,957
277,957
278,958
279,960
280,960
281,964
282,966
283,967
284,967
285,967
286,967
287,969
288,969
289,970
290,971
291,972
292,972
293,972
294,973
295,974
296,975
297,975
298,975
299,976
300,976
301,977
302,977
303,978
304,979
305,979
306,981
307,982
308,981
309,981
310,982
311,983
312,984
313,984
314,985
315,986
316,986
317,986
318,987
319,989
320,989
321,989
322,989
323,989
324,989
325,989
326,991
327,991
328,991
329,991
330,991
331,991
332,992
333,993
334,993
335,994
336,993
337,994
338,994
339,995
340,995
341,995
342,995
343,996
344,997
345,998
346,998
347,998
348,998
349,999
350,1000
351,1000
352,1001
353,1001
354,1002
355,1002
356,1003
357,1003
358,1004
359,1005
360,1004
361,1004
362,1004
363,1005
364,1006
365,1005
366,1006
367,1006
368,1006
369,1006
370,1006
371,1008
372,1008
373,1008
374,1008
375,1008
376,1009
377,1010
378,1010
379,1011
380,1011
381,1011
382,1011
383,1012
384,1012
385,1013
386,1014
387,1014
388,1014
389,1013
390,1014
391,1015
392,1015
393,1015
394,1014
395,1015
396,1014
397,1014
398,1015
399,1015
400,1015
401,1015
402,1016
403,1015
404,1016
405,1016
406,1016
407,1017
408,1017
409,1017
410,1017
411,1017
412,1017
413,1017
414,1018
415,1017
416,1017
417,1017
418,1018
419,1019
420,1019
421,1019
422,1019
423,1019
424,1019
425,1019
426,1019
427,1019
428,1019
429,1019
430,1019
431,1019
432,1019
433,1019
434,1019
435,1019
436,1019
437,1019
438,1019
439,1020
440,1020
441,1020
442,1021
443,1021
444,1021
445,1021
446,1021
447,1021
448,1022
449,1022
450,1022
451,1022
452,1022
453,1022
454,1022
455,1022
456,1022
457,1022
458,1022
459,1022
460,1022
461,1022
462,1022
463,1022
464,1022
465,1022
466,1022
467,1022
468,1022
469,1023
470,1022
471,1023
472,1022
473,1022
474,1022
475,1023
476,1023
477,1023
478,1023
479,1023
480,1023
481,1023
482,1023
483,1023
484,1023
485,1023
486,1023
487,1023
488,1023
489,1023
490,1023
491,1023
492,1023
493,1023
494,1023
495,1023
496,1023
497,1023
498,1023
499,1023
500,1023
501,1023
502,1023
503,1023
504,1023
505,1023
506,1023
507,1023
508,1023
509,1023
510,1023
511,1023
512,1023
513,1023
514,1023
515,1023
516,1023
517,1023
518,1023
519,1023
520,1023
521,1023
522,1024
761875
