1631023499
Generation,Best Fitness
0,538
1,548
2,557
3,560
4,561
5,569
6,577
7,585
8,590
9,592
10,595
11,602
12,605
13,611
14,611
15,612
16,615
17,619
18,621
19,622
20,625
21,626
22,629
23,633
24,633
25,635
26,637
27,640
28,643
29,645
30,649
31,651
32,650
33,652
34,653
35,655
36,659
37,660
38,662
39,664
40,666
41,673
42,670
43,675
44,673
45,674
46,677
47,679
48,681
49,683
50,683
51,685
52,689
53,692
54,692
55,695
56,695
57,698
58,700
59,701
60,703
61,704
62,707
63,708
64,709
65,711
66,713
67,715
68,716
69,719
70,720
71,720
72,724
73,724
74,726
75,728
76,730
77,731
78,732
79,732
80,734
81,736
82,737
83,737
84,740
85,742
86,743
87,745
88,747
89,748
90,751
91,752
92,754
93,758
94,756
95,759
96,760
97,762
98,763
99,764
100,764
101,766
102,768
103,767
104,769
105,771
106,771
107,775
108,775
109,777
110,778
111,778
112,779
113,781
114,782
115,785
116,786
117,787
118,785
119,788
120,788
121,790
122,792
123,793
124,795
125,796
126,799
127,800
128,799
129,802
130,802
131,805
132,806
133,807
134,807
135,808
136,809
137,811
138,812
139,813
140,814
141,814
142,815
143,817
144,818
145,819
146,821
147,823
148,822
149,824
150,827
151,827
152,827
153,830
154,830
155,831
156,833
157,836
158,836
159,837
160,838
161,839
162,841
163,842
164,845
165,844
166,847
167,850
168,850
169,851
170,853
171,853
172,855
173,856
174,857
175,858
176,859
177,862
178,863
179,865
180,866
181,866
182,867
183,868
184,869
185,871
186,872
187,876
188,877
189,878
190,877
191,879
192,879
193,880
194,881
195,882
196,884
197,886
198,886
199,888
200,889
201,890
202,891
203,891
204,891
205,893
206,893
207,893
208,895
209,896
210,896
211,896
212,898
213,899
214,899
215,901
216,904
217,903
218,903
219,904
220,904
221,907
222,909
223,909
224,910
225,911
226,913
227,913
228,915
229,917
230,918
231,918
232,919
233,919
234,921
235,922
236,922
237,922
238,924
239,924
240,925
241,926
242,928
243,928
244,929
245,930
246,931
247,932
248,933
249,934
250,934
251,934
252,935
253,938
254,937
255,938
256,938
257,940
258,941
259,941
260,945
261,942
262,945
263,946
264,947
265,948
266,947
267,947
268,947
269,949
270,950
271,953
272,952
273,954
274,955
275,954
276,954
277,956
278,957
279,958
280,959
281,960
282,959
283,961
284,961
285,961
286,962
287,963
288,965
289,965
290,965
291,965
292,967
293,968
294,968
295,968
296,969
297,970
298,970
299,972
300,972
301,972
302,972
303,973
304,973
305,975
306,975
307,975
308,976
309,976
310,977
311,978
312,978
313,980
314,979
315,979
316,980
317,980
318,980
319,983
320,981
321,983
322,983
323,983
324,984
325,983
326,984
327,985
328,985
329,986
330,987
331,987
332,987
333,988
334,988
335,989
336,988
337,989
338,990
339,990
340,990
341,990
342,990
343,991
344,992
345,992
346,994
347,993
348,994
349,994
350,994
351,994
352,995
353,996
354,996
355,997
356,997
357,997
358,998
359,999
360,1000
361,999
362,999
363,1000
364,1001
365,1001
366,1000
367,1001
368,1002
369,1002
370,1002
371,1002
372,1003
373,1003
374,1004
375,1004
376,1004
377,1005
378,1005
379,1005
380,1006
381,1006
382,1007
383,1007
384,1006
385,1007
386,1007
387,1007
388,1008
389,1007
390,1007
391,1008
392,1007
393,1008
394,1008
395,1008
396,1008
397,1009
398,1009
399,1010
400,1010
401,1010
402,1010
403,1011
404,1010
405,1011
406,1011
407,1012
408,1012
409,1013
410,1013
411,1013
412,1013
413,1013
414,1014
415,1014
416,1014
417,1014
418,1014
419,1014
420,1015
421,1015
422,1015
423,1015
424,1015
425,1015
426,1015
427,1015
428,1016
429,1016
430,1017
431,1017
432,1016
433,1017
434,1018
435,1018
436,1018
437,1018
438,1018
439,1019
440,1018
441,1018
442,1019
443,1018
444,1019
445,1019
446,1020
447,1020
448,1019
449,1020
450,1020
451,1020
452,1020
453,1020
454,1020
455,1021
456,1020
457,1021
458,1020
459,1021
460,1021
461,1021
462,1021
463,1021
464,1022
465,1022
466,1022
467,1021
468,1022
469,1022
470,1022
471,1022
472,1023
473,1023
474,1023
475,1023
476,1023
477,1023
478,1023
479,1023
480,1024
700704
