1631023492
Generation,Best Fitness
0,549
1,553
2,558
3,564
4,568
5,573
6,578
7,580
8,585
9,590
10,591
11,596
12,597
13,601
14,601
15,606
16,610
17,616
18,615
19,620
20,623
21,627
22,628
23,632
24,636
25,637
26,648
27,648
28,647
29,648
30,651
31,652
32,652
33,655
34,657
35,660
36,662
37,665
38,665
39,669
40,670
41,672
42,674
43,675
44,677
45,677
46,680
47,682
48,684
49,686
50,687
51,690
52,691
53,693
54,694
55,698
56,698
57,698
58,705
59,706
60,706
61,707
62,709
63,713
64,712
65,716
66,718
67,718
68,717
69,719
70,720
71,722
72,724
73,725
74,728
75,730
76,730
77,733
78,735
79,737
80,740
81,739
82,741
83,742
84,744
85,747
86,747
87,748
88,750
89,752
90,754
91,755
92,756
93,759
94,760
95,761
96,761
97,763
98,765
99,766
100,767
101,768
102,770
103,771
104,774
105,777
106,775
107,778
108,778
109,781
110,782
111,784
112,784
113,786
114,786
115,788
116,789
117,792
118,792
119,794
120,794
121,795
122,796
123,800
124,800
125,801
126,802
127,803
128,805
129,806
130,808
131,809
132,810
133,811
134,813
135,814
136,816
137,818
138,821
139,820
140,822
141,824
142,826
143,827
144,828
145,829
146,832
147,833
148,834
149,835
150,836
151,837
152,837
153,838
154,839
155,843
156,843
157,844
158,844
159,845
160,846
161,847
162,849
163,852
164,852
165,853
166,853
167,855
168,860
169,862
170,861
171,862
172,864
173,864
174,866
175,865
176,870
177,869
178,870
179,871
180,871
181,872
182,873
183,873
184,874
185,877
186,877
187,878
188,878
189,880
190,882
191,882
192,884
193,884
194,885
195,886
196,889
197,888
198,888
199,890
200,890
201,891
202,893
203,893
204,895
205,896
206,898
207,899
208,899
209,901
210,902
211,901
212,902
213,904
214,904
215,905
216,906
217,907
218,908
219,909
220,910
221,911
222,912
223,914
224,914
225,917
226,917
227,917
228,920
229,920
230,919
231,920
232,920
233,921
234,923
235,923
236,924
237,925
238,925
239,927
240,928
241,929
242,929
243,929
244,932
245,932
246,932
247,932
248,934
249,935
250,935
251,936
252,937
253,937
254,939
255,939
256,940
257,941
258,941
259,943
260,943
261,943
262,944
263,944
264,945
265,948
266,948
267,949
268,948
269,950
270,949
271,950
272,950
273,951
274,952
275,953
276,954
277,954
278,955
279,956
280,957
281,956
282,958
283,958
284,960
285,961
286,961
287,962
288,963
289,962
290,963
291,964
292,965
293,966
294,967
295,966
296,968
297,968
298,968
299,969
300,969
301,971
302,971
303,971
304,972
305,972
306,973
307,973
308,973
309,973
310,975
311,974
312,975
313,975
314,977
315,977
316,980
317,979
318,980
319,980
320,980
321,981
322,981
323,981
324,982
325,982
326,982
327,983
328,983
329,984
330,984
331,983
332,985
333,984
334,985
335,986
336,986
337,987
338,988
339,990
340,989
341,990
342,990
343,991
344,991
345,992
346,993
347,993
348,992
349,993
350,995
351,995
352,996
353,996
354,996
355,996
356,997
357,997
358,998
359,998
360,1001
361,1000
362,1001
363,1002
364,1001
365,1002
366,1003
367,1002
368,1002
369,1003
370,1003
371,1004
372,1004
373,1005
374,1005
375,1005
376,1005
377,1006
378,1005
379,1006
380,1006
381,1006
382,1006
383,1006
384,1006
385,1007
386,1007
387,1007
388,1007
389,1008
390,1007
391,1008
392,1008
393,1009
394,1009
395,1009
396,1009
397,1009
398,1010
399,1010
400,1010
401,1011
402,1011
403,1011
404,1011
405,1012
406,1011
407,1012
408,1012
409,1013
410,1012
411,1012
412,1012
413,1012
414,1012
415,1012
416,1013
417,1013
418,1013
419,1013
420,1013
421,1013
422,1014
423,1014
424,1014
425,1013
426,1014
427,1014
428,1014
429,1014
430,1014
431,1014
432,1015
433,1015
434,1016
435,1015
436,1015
437,1015
438,1015
439,1016
440,1016
441,1016
442,1016
443,1016
444,1017
445,1017
446,1017
447,1017
448,1018
449,1018
450,1019
451,1018
452,1018
453,1018
454,1018
455,1019
456,1019
457,1019
458,1019
459,1019
460,1019
461,1019
462,1019
463,1019
464,1019
465,1019
466,1019
467,1019
468,1019
469,1019
470,1020
471,1020
472,1021
473,1021
474,1020
475,1021
476,1021
477,1021
478,1021
479,1022
480,1022
481,1022
482,1022
483,1022
484,1022
485,1022
486,1022
487,1022
488,1022
489,1023
490,1022
491,1022
492,1022
493,1022
494,1022
495,1022
496,1022
497,1022
498,1022
499,1022
500,1022
501,1023
502,1022
503,1022
504,1022
505,1022
506,1022
507,1023
508,1022
509,1022
510,1022
511,1022
512,1022
513,1022
514,1022
515,1023
516,1023
517,1023
518,1022
519,1022
520,1023
521,1023
522,1022
523,1022
524,1023
525,1023
526,1023
527,1023
528,1023
529,1023
530,1023
531,1023
532,1023
533,1023
534,1023
535,1023
536,1023
537,1023
538,1023
539,1023
540,1023
541,1024
789076
