1631023495
Generation,Best Fitness
0,541
1,552
2,558
3,567
4,570
5,575
6,586
7,588
8,593
9,598
10,598
11,600
12,608
13,609
14,610
15,618
16,619
17,626
18,627
19,628
20,631
21,634
22,635
23,639
24,642
25,643
26,646
27,649
28,651
29,652
30,654
31,656
32,658
33,660
34,662
35,664
36,667
37,668
38,671
39,673
40,675
41,676
42,678
43,678
44,680
45,681
46,683
47,686
48,692
49,692
50,692
51,694
52,698
53,698
54,701
55,703
56,708
57,711
58,712
59,714
60,716
61,718
62,719
63,719
64,723
65,727
66,728
67,729
68,730
69,732
70,736
71,736
72,738
73,739
74,741
75,744
76,747
77,749
78,749
79,750
80,752
81,753
82,754
83,759
84,759
85,761
86,762
87,763
88,764
89,766
90,767
91,768
92,770
93,772
94,772
95,774
96,775
97,776
98,778
99,779
100,780
101,781
102,784
103,784
104,787
105,787
106,788
107,790
108,791
109,792
110,795
111,796
112,797
113,799
114,800
115,803
116,804
117,804
118,805
119,806
120,808
121,810
122,811
123,812
124,814
125,814
126,817
127,819
128,819
129,820
130,822
131,824
132,824
133,825
134,827
135,828
136,829
137,828
138,830
139,832
140,834
141,834
142,835
143,837
144,842
145,843
146,843
147,844
148,845
149,847
150,848
151,850
152,850
153,852
154,853
155,853
156,854
157,855
158,855
159,856
160,857
161,859
162,860
163,861
164,864
165,865
166,864
167,866
168,866
169,867
170,869
171,869
172,870
173,871
174,872
175,874
176,876
177,875
178,875
179,878
180,878
181,880
182,881
183,881
184,883
185,884
186,885
187,886
188,886
189,887
190,890
191,891
192,891
193,892
194,895
195,892
196,894
197,895
198,898
199,896
200,896
201,897
202,900
203,901
204,902
205,905
206,905
207,906
208,906
209,906
210,907
211,910
212,910
213,911
214,912
215,914
216,915
217,918
218,918
219,919
220,919
221,920
222,920
223,921
224,922
225,922
226,922
227,922
228,923
229,924
230,925
231,925
232,927
233,926
234,928
235,927
236,929
237,929
238,931
239,931
240,933
241,933
242,933
243,934
244,935
245,937
246,937
247,938
248,939
249,941
250,941
251,942
252,943
253,944
254,946
255,946
256,950
257,948
258,950
259,952
260,953
261,953
262,955
263,955
264,955
265,956
266,956
267,957
268,957
269,957
270,958
271,958
272,959
273,960
274,960
275,961
276,961
277,962
278,962
279,961
280,962
281,964
282,964
283,966
284,965
285,967
286,968
287,968
288,969
289,969
290,969
291,971
292,971
293,971
294,972
295,972
296,973
297,974
298,974
299,975
300,975
301,975
302,978
303,977
304,978
305,978
306,978
307,978
308,979
309,979
310,979
311,979
312,980
313,980
314,980
315,980
316,980
317,981
318,982
319,982
320,982
321,983
322,983
323,985
324,985
325,985
326,985
327,985
328,986
329,986
330,987
331,987
332,988
333,990
334,990
335,993
336,990
337,990
338,992
339,993
340,992
341,994
342,993
343,993
344,993
345,994
346,994
347,995
348,996
349,995
350,995
351,996
352,998
353,997
354,999
355,998
356,998
357,999
358,999
359,999
360,999
361,1001
362,1001
363,1001
364,1002
365,1002
366,1002
367,1002
368,1003
369,1003
370,1003
371,1003
372,1003
373,1003
374,1004
375,1004
376,1004
377,1005
378,1005
379,1006
380,1006
381,1006
382,1006
383,1008
384,1008
385,1008
386,1008
387,1008
388,1010
389,1010
390,1010
391,1011
392,1011
393,1011
394,1011
395,1011
396,1011
397,1011
398,1011
399,1012
400,1012
401,1012
402,1012
403,1012
404,1012
405,1013
406,1012
407,1013
408,1014
409,1013
410,1013
411,1014
412,1014
413,1015
414,1015
415,1015
416,1015
417,1016
418,1016
419,1017
420,1017
421,1017
422,1016
423,1017
424,1017
425,1017
426,1018
427,1018
428,1018
429,1019
430,1019
431,1019
432,1019
433,1019
434,1019
435,1019
436,1019
437,1019
438,1019
439,1020
440,1019
441,1019
442,1019
443,1020
444,1020
445,1020
446,1019
447,1019
448,1020
449,1020
450,1020
451,1020
452,1021
453,1021
454,1020
455,1021
456,1021
457,1021
458,1021
459,1022
460,1022
461,1022
462,1022
463,1022
464,1022
465,1022
466,1022
467,1022
468,1022
469,1022
470,1022
471,1023
472,1023
473,1023
474,1023
475,1023
476,1023
477,1023
478,1023
479,1023
480,1023
481,1023
482,1023
483,1023
484,1023
485,1023
486,1023
487,1023
488,1023
489,1023
490,1023
491,1023
492,1023
493,1024
719410
