1631023494
Generation,Best Fitness
0,550
1,565
2,568
3,575
4,578
5,590
6,593
7,604
8,604
9,609
10,611
11,617
12,623
13,626
14,629
15,634
16,634
17,636
18,642
19,643
20,643
21,646
22,648
23,650
24,652
25,654
26,656
27,657
28,659
29,661
30,663
31,667
32,672
33,672
34,673
35,675
36,675
37,678
38,678
39,680
40,682
41,685
42,685
43,687
44,689
45,690
46,694
47,695
48,698
49,701
50,702
51,704
52,705
53,707
54,713
55,711
56,712
57,714
58,715
59,716
60,717
61,721
62,721
63,723
64,722
65,724
66,727
67,728
68,731
69,733
70,734
71,736
72,737
73,737
74,741
75,740
76,742
77,743
78,745
79,747
80,748
81,751
82,752
83,752
84,755
85,756
86,758
87,758
88,760
89,760
90,762
91,762
92,765
93,766
94,767
95,767
96,772
97,774
98,776
99,775
100,777
101,778
102,780
103,783
104,782
105,783
106,785
107,787
108,788
109,790
110,793
111,794
112,795
113,796
114,797
115,800
116,800
117,801
118,801
119,803
120,805
121,808
122,807
123,808
124,810
125,812
126,813
127,814
128,815
129,815
130,817
131,818
132,821
133,823
134,826
135,827
136,828
137,832
138,833
139,834
140,834
141,835
142,836
143,837
144,837
145,839
146,840
147,844
148,844
149,844
150,847
151,847
152,850
153,849
154,853
155,855
156,854
157,857
158,857
159,858
160,861
161,862
162,863
163,864
164,864
165,865
166,866
167,869
168,869
169,870
170,871
171,871
172,873
173,873
174,874
175,876
176,877
177,878
178,879
179,880
180,882
181,883
182,883
183,886
184,885
185,886
186,886
187,888
188,888
189,889
190,890
191,891
192,891
193,893
194,894
195,897
196,898
197,899
198,900
199,900
200,900
201,901
202,901
203,903
204,904
205,904
206,905
207,907
208,908
209,908
210,909
211,910
212,912
213,912
214,913
215,914
216,918
217,918
218,919
219,919
220,921
221,921
222,922
223,922
224,923
225,924
226,925
227,926
228,926
229,926
230,926
231,931
232,930
233,931
234,932
235,931
236,932
237,934
238,936
239,936
240,937
241,937
242,938
243,938
244,940
245,940
246,941
247,943
248,943
249,945
250,944
251,944
252,945
253,946
254,946
255,946
256,947
257,948
258,949
259,951
260,951
261,951
262,951
263,952
264,953
265,954
266,953
267,954
268,955
269,957
270,957
271,958
272,958
273,960
274,961
275,960
276,960
277,962
278,963
279,963
280,963
281,964
282,965
283,966
284,966
285,967
286,968
287,968
288,970
289,969
290,970
291,972
292,971
293,972
294,972
295,973
296,974
297,974
298,975
299,976
300,976
301,976
302,977
303,976
304,977
305,978
306,978
307,978
308,979
309,980
310,981
311,981
312,981
313,982
314,983
315,983
316,984
317,985
318,985
319,985
320,986
321,986
322,987
323,988
324,987
325,988
326,989
327,988
328,990
329,990
330,990
331,991
332,992
333,991
334,993
335,993
336,994
337,994
338,995
339,994
340,994
341,994
342,995
343,996
344,996
345,997
346,997
347,997
348,997
349,998
350,998
351,998
352,999
353,999
354,999
355,1001
356,999
357,1000
358,1001
359,1001
360,1001
361,1001
362,1001
363,1002
364,1002
365,1003
366,1003
367,1004
368,1004
369,1004
370,1005
371,1004
372,1005
373,1005
374,1006
375,1005
376,1006
377,1007
378,1007
379,1009
380,1009
381,1010
382,1010
383,1011
384,1010
385,1010
386,1010
387,1011
388,1011
389,1011
390,1012
391,1013
392,1013
393,1013
394,1013
395,1013
396,1014
397,1015
398,1016
399,1015
400,1015
401,1016
402,1016
403,1016
404,1016
405,1016
406,1016
407,1016
408,1017
409,1017
410,1017
411,1017
412,1017
413,1017
414,1018
415,1017
416,1018
417,1019
418,1018
419,1019
420,1018
421,1019
422,1019
423,1019
424,1019
425,1019
426,1019
427,1020
428,1019
429,1020
430,1020
431,1020
432,1020
433,1020
434,1020
435,1020
436,1020
437,1020
438,1020
439,1020
440,1021
441,1021
442,1021
443,1021
444,1021
445,1021
446,1021
447,1021
448,1022
449,1022
450,1022
451,1022
452,1022
453,1022
454,1023
455,1022
456,1022
457,1022
458,1022
459,1022
460,1022
461,1023
462,1023
463,1022
464,1023
465,1023
466,1023
467,1023
468,1023
469,1023
470,1023
471,1023
472,1024
699273
