1631023497
Generation,Best Fitness
0,555
1,558
2,562
3,571
4,575
5,575
6,595
7,599
8,599
9,602
10,604
11,605
12,609
13,612
14,616
15,620
16,621
17,626
18,630
19,631
20,633
21,635
22,636
23,637
24,638
25,639
26,642
27,645
28,646
29,650
30,651
31,654
32,654
33,659
34,659
35,660
36,662
37,665
38,667
39,667
40,669
41,672
42,674
43,675
44,676
45,676
46,678
47,682
48,684
49,684
50,687
51,688
52,689
53,690
54,692
55,694
56,695
57,695
58,698
59,699
60,702
61,703
62,705
63,708
64,707
65,710
66,711
67,711
68,714
69,714
70,715
71,716
72,718
73,720
74,722
75,723
76,724
77,726
78,728
79,730
80,732
81,733
82,734
83,737
84,737
85,741
86,742
87,743
88,743
89,746
90,745
91,747
92,749
93,750
94,753
95,755
96,753
97,757
98,758
99,758
100,762
101,763
102,766
103,766
104,770
105,770
106,771
107,773
108,776
109,777
110,777
111,779
112,780
113,781
114,782
115,784
116,785
117,786
118,788
119,790
120,797
121,797
122,797
123,798
124,799
125,801
126,802
127,803
128,804
129,805
130,807
131,807
132,809
133,810
134,812
135,813
136,814
137,814
138,817
139,818
140,820
141,822
142,822
143,827
144,825
145,827
146,828
147,830
148,831
149,831
150,832
151,833
152,835
153,835
154,835
155,838
156,840
157,840
158,840
159,841
160,842
161,843
162,844
163,845
164,846
165,848
166,849
167,850
168,849
169,852
170,854
171,854
172,854
173,854
174,856
175,857
176,858
177,859
178,860
179,861
180,862
181,864
182,864
183,865
184,867
185,868
186,868
187,868
188,870
189,873
190,872
191,873
192,876
193,877
194,877
195,880
196,880
197,880
198,882
199,882
200,883
201,887
202,887
203,887
204,887
205,888
206,889
207,890
208,893
209,892
210,894
211,895
212,899
213,899
214,900
215,900
216,902
217,901
218,902
219,902
220,903
221,904
222,905
223,905
224,906
225,907
226,907
227,910
228,911
229,913
230,913
231,914
232,914
233,915
234,915
235,916
236,916
237,918
238,918
239,920
240,921
241,921
242,921
243,923
244,923
245,924
246,925
247,926
248,927
249,928
250,928
251,929
252,929
253,930
254,931
255,931
256,933
257,933
258,934
259,935
260,939
261,937
262,938
263,938
264,940
265,940
266,942
267,942
268,942
269,943
270,944
271,944
272,946
273,946
274,946
275,947
276,948
277,951
278,951
279,951
280,953
281,953
282,954
283,955
284,955
285,955
286,956
287,958
288,959
289,960
290,960
291,960
292,961
293,961
294,962
295,962
296,962
297,963
298,965
299,966
300,968
301,967
302,968
303,966
304,967
305,967
306,970
307,970
308,970
309,972
310,971
311,972
312,973
313,973
314,973
315,973
316,974
317,975
318,976
319,976
320,976
321,976
322,977
323,978
324,979
325,979
326,979
327,980
328,980
329,981
330,981
331,983
332,983
333,983
334,983
335,983
336,985
337,985
338,985
339,986
340,986
341,988
342,988
343,988
344,989
345,990
346,990
347,991
348,991
349,991
350,991
351,991
352,992
353,992
354,992
355,993
356,993
357,994
358,994
359,995
360,995
361,996
362,996
363,997
364,997
365,997
366,997
367,997
368,998
369,998
370,1000
371,999
372,1000
373,1000
374,1000
375,1000
376,1000
377,1000
378,1001
379,1000
380,1001
381,1001
382,1002
383,1002
384,1004
385,1003
386,1004
387,1005
388,1005
389,1004
390,1006
391,1007
392,1007
393,1007
394,1007
395,1007
396,1008
397,1008
398,1008
399,1008
400,1008
401,1008
402,1008
403,1009
404,1009
405,1009
406,1009
407,1009
408,1009
409,1010
410,1011
411,1010
412,1010
413,1010
414,1011
415,1011
416,1011
417,1011
418,1011
419,1011
420,1011
421,1011
422,1011
423,1011
424,1012
425,1011
426,1012
427,1012
428,1011
429,1011
430,1012
431,1012
432,1012
433,1012
434,1013
435,1012
436,1012
437,1012
438,1013
439,1013
440,1012
441,1012
442,1013
443,1013
444,1013
445,1013
446,1013
447,1013
448,1014
449,1014
450,1014
451,1014
452,1014
453,1014
454,1014
455,1014
456,1014
457,1014
458,1014
459,1014
460,1015
461,1014
462,1014
463,1014
464,1014
465,1015
466,1016
467,1016
468,1016
469,1016
470,1015
471,1015
472,1016
473,1017
474,1017
475,1016
476,1017
477,1017
478,1017
479,1017
480,1017
481,1017
482,1017
483,1018
484,1018
485,1018
486,1017
487,1018
488,1017
489,1018
490,1018
491,1018
492,1018
493,1018
494,1018
495,1018
496,1018
497,1019
498,1019
499,1019
500,1020
501,1019
502,1020
503,1020
504,1020
505,1020
506,1020
507,1021
508,1021
509,1021
510,1021
511,1021
512,1021
513,1021
514,1021
515,1021
516,1021
517,1021
518,1021
519,1021
520,1021
521,1021
522,1021
523,1021
524,1021
525,1021
526,1021
527,1021
528,1021
529,1021
530,1021
531,1021
532,1021
533,1021
534,1021
535,1021
536,1021
537,1021
538,1022
539,1021
540,1022
541,1022
542,1022
543,1022
544,1022
545,1022
546,1022
547,1022
548,1022
549,1022
550,1022
551,1022
552,1022
553,1022
554,1022
555,1022
556,1022
557,1022
558,1022
559,1023
560,1023
561,1022
562,1023
563,1023
564,1023
565,1023
566,1023
567,1023
568,1023
569,1023
570,1023
571,1023
572,1023
573,1023
574,1023
575,1023
576,1023
577,1023
578,1023
579,1023
580,1023
581,1023
582,1023
583,1023
584,1023
585,1023
586,1023
587,1023
588,1023
589,1024
862466
