1631023496
Generation,Best Fitness
0,547
1,552
2,557
3,560
4,566
5,575
6,574
7,584
8,588
9,595
10,598
11,599
12,606
13,609
14,615
15,616
16,619
17,622
18,623
19,628
20,628
21,632
22,633
23,635
24,640
25,640
26,641
27,644
28,644
29,646
30,650
31,653
32,655
33,656
34,662
35,665
36,666
37,665
38,669
39,670
40,673
41,674
42,676
43,678
44,680
45,682
46,683
47,686
48,687
49,692
50,695
51,696
52,696
53,698
54,700
55,702
56,703
57,704
58,706
59,709
60,710
61,711
62,713
63,716
64,716
65,716
66,718
67,721
68,723
69,723
70,726
71,727
72,730
73,730
74,734
75,736
76,738
77,739
78,740
79,741
80,745
81,745
82,745
83,747
84,752
85,754
86,756
87,756
88,757
89,758
90,758
91,758
92,761
93,763
94,763
95,765
96,767
97,769
98,769
99,770
100,773
101,775
102,777
103,778
104,780
105,782
106,782
107,784
108,786
109,785
110,789
111,791
112,791
113,793
114,794
115,796
116,800
117,802
118,806
119,808
120,806
121,807
122,809
123,811
124,812
125,813
126,814
127,816
128,817
129,820
130,821
131,822
132,822
133,825
134,826
135,827
136,828
137,829
138,830
139,831
140,832
141,832
142,833
143,833
144,836
145,837
146,840
147,841
148,840
149,841
150,844
151,844
152,846
153,847
154,846
155,850
156,849
157,851
158,853
159,854
160,854
161,855
162,856
163,858
164,858
165,859
166,861
167,863
168,863
169,864
170,865
171,865
172,866
173,868
174,868
175,869
176,870
177,872
178,872
179,874
180,874
181,875
182,881
183,878
184,880
185,882
186,882
187,884
188,884
189,886
190,889
191,889
192,890
193,891
194,893
195,894
196,895
197,897
198,896
199,896
200,900
201,900
202,900
203,900
204,901
205,905
206,903
207,905
208,905
209,906
210,909
211,909
212,910
213,910
214,911
215,911
216,912
217,913
218,914
219,915
220,916
221,918
222,920
223,920
224,921
225,922
226,924
227,924
228,925
229,926
230,928
231,928
232,928
233,929
234,929
235,931
236,932
237,933
238,934
239,933
240,935
241,939
242,939
243,940
244,942
245,943
246,944
247,944
248,946
249,946
250,946
251,947
252,947
253,948
254,948
255,949
256,950
257,950
258,953
259,951
260,953
261,953
262,954
263,954
264,954
265,957
266,957
267,959
268,958
269,959
270,958
271,960
272,959
273,961
274,962
275,963
276,963
277,963
278,963
279,965
280,966
281,967
282,969
283,969
284,969
285,971
286,971
287,972
288,974
289,973
290,975
291,975
292,976
293,976
294,978
295,977
296,979
297,979
298,979
299,980
300,981
301,982
302,982
303,983
304,984
305,985
306,986
307,986
308,986
309,986
310,987
311,988
312,988
313,988
314,988
315,988
316,988
317,989
318,989
319,990
320,991
321,990
322,990
323,992
324,992
325,992
326,993
327,994
328,994
329,995
330,996
331,996
332,996
333,997
334,997
335,997
336,997
337,998
338,998
339,999
340,1000
341,1000
342,1000
343,1000
344,1000
345,1002
346,1001
347,1002
348,1004
349,1002
350,1004
351,1004
352,1004
353,1004
354,1004
355,1004
356,1004
357,1004
358,1004
359,1004
360,1004
361,1005
362,1005
363,1005
364,1006
365,1007
366,1007
367,1006
368,1007
369,1007
370,1007
371,1007
372,1008
373,1010
374,1009
375,1008
376,1008
377,1008
378,1010
379,1009
380,1009
381,1010
382,1010
383,1010
384,1010
385,1011
386,1012
387,1012
388,1012
389,1012
390,1013
391,1013
392,1013
393,1013
394,1013
395,1013
396,1014
397,1014
398,1014
399,1014
400,1015
401,1014
402,1015
403,1015
404,1015
405,1015
406,1016
407,1016
408,1016
409,1016
410,1016
411,1016
412,1016
413,1017
414,1017
415,1017
416,1017
417,1017
418,1017
419,1017
420,1017
421,1018
422,1018
423,1018
424,1018
425,1018
426,1018
427,1018
428,1018
429,1019
430,1018
431,1018
432,1018
433,1019
434,1019
435,1019
436,1019
437,1019
438,1019
439,1019
440,1019
441,1019
442,1020
443,1020
444,1019
445,1019
446,1019
447,1020
448,1020
449,1020
450,1020
451,1020
452,1020
453,1020
454,1020
455,1020
456,1020
457,1021
458,1020
459,1020
460,1020
461,1020
462,1020
463,1020
464,1020
465,1020
466,1020
467,1020
468,1020
469,1020
470,1020
471,1020
472,1020
473,1021
474,1021
475,1021
476,1021
477,1021
478,1021
479,1021
480,1021
481,1021
482,1022
483,1022
484,1022
485,1022
486,1022
487,1022
488,1022
489,1022
490,1022
491,1022
492,1022
493,1022
494,1022
495,1022
496,1022
497,1023
498,1022
499,1022
500,1023
501,1022
502,1023
503,1023
504,1023
505,1023
506,1023
507,1023
508,1023
509,1023
510,1023
511,1023
512,1023
513,1023
514,1023
515,1023
516,1023
517,1023
518,1023
519,1023
520,1023
521,1023
522,1023
523,1023
524,1023
525,1023
526,1023
527,1023
528,1023
529,1023
530,1023
531,1023
532,1023
533,1023
534,1023
535,1023
536,1023
537,1023
538,1023
539,1023
540,1023
541,1023
542,1023
543,1023
544,1023
545,1023
546,1023
547,1023
548,1023
549,1023
550,1023
551,1023
552,1023
553,1023
554,1023
555,1023
556,1023
557,1023
558,1023
559,1023
560,1023
561,1023
562,1023
563,1023
564,1023
565,1023
566,1023
567,1023
568,1023
569,1023
570,1023
571,1023
572,1023
573,1023
574,1023
575,1023
576,1023
577,1023
578,1023
579,1023
580,1023
581,1023
582,1023
583,1023
584,1023
585,1023
586,1023
587,1023
588,1023
589,1023
590,1023
591,1023
592,1023
593,1024
865412
